0.000000000000000000e+00 -6.339216434325393834e+00 -3.571491140571826595e+00 -1.698635273214457397e+00 1.239661509145733698e+00
1.000000000000000000e+00 -6.244554505154923163e+00 -2.620787061413150543e+00 -1.523360895101057766e+00 7.774974129444861548e-01
2.000000000000000000e+00 -5.742899172286825227e+00 -1.639978259568477315e+00 -1.312985467645743087e+00 2.240267808643204850e-01
3.000000000000000000e+00 -5.222628109165311727e+00 -2.555404161967642085e-01 -1.088386569013250815e+00 -3.740482391208838631e-01
4.000000000000000000e+00 -4.364908114363811542e+00 1.151616760470544731e+00 -8.880120773207871299e-01 -9.328590757684486201e-01
5.000000000000000000e+00 -3.149167882015623920e+00 2.561512256789971520e+00 -7.421686247356351629e-01 -1.380481031885742782e+00
6.000000000000000000e+00 -1.531353748992136721e+00 3.314181320489774762e+00 -6.430388669806835766e-01 -1.749673908500272379e+00
7.000000000000000000e+00 2.394833561351750184e-01 3.998832727508000673e+00 -6.367834038398425545e-01 -1.993785573347025553e+00
8.000000000000000000e+00 1.506320639494182378e+00 3.149216294817627659e+00 -6.475602699050244659e-01 -2.152818044610716353e+00
9.000000000000000000e+00 2.842955424273262643e+00 2.663797577758575841e+00 -7.512810833627143747e-01 -2.140687022681783791e+00
1.000000000000000000e+01 4.499086256725772337e+00 2.238769677280336268e+00 -8.933486563098864686e-01 -2.041833337627902534e+00
1.100000000000000000e+01 6.030916536170020770e+00 1.340910776383031466e+00 -1.061407153429272832e+00 -2.489144232735042817e+00
1.200000000000000000e+01 7.690454035552610534e+00 -3.116049426859090477e-01 -1.225518883981999929e+00 -2.741524077216866306e+00
1.300000000000000000e+01 8.848550555386877292e+00 -2.859127933543056166e+00 -1.400179817522605452e+00 -2.746028995214886415e+00
1.400000000000000000e+01 8.900591447161446013e+00 -5.424476906564547285e+00 -1.599884853454508482e+00 -2.651644583080491557e+00
1.500000000000000000e+01 8.289282173199268300e+00 -7.848667738165256758e+00 -1.838518637482420282e+00 -2.432156725603020320e+00
1.600000000000000000e+01 6.681294250499791865e+00 -8.773470955686191175e+00 -1.907019888193100643e+00 -2.337734116132599738e+00
1.700000000000000000e+01 5.086063193410073957e+00 -8.818248712714495952e+00 -1.918408251673752396e+00 -2.285409761913538507e+00
1.800000000000000000e+01 4.849041939755529107e+00 -7.506051665991763322e+00 -1.957151510557900709e+00 -2.216361759465314218e+00
1.900000000000000000e+01 5.024653323565954288e+00 -6.700664912816994168e+00 -1.989458582798602881e+00 -2.148698832455745666e+00
2.000000000000000000e+01 5.067551522256097840e+00 -6.480436394312564907e+00 -2.002944449527911175e+00 -1.948798967460085851e+00
2.100000000000000000e+01 5.675398238490331870e+00 -5.747848813642192134e+00 -1.984483425015570512e+00 -1.791429973232651740e+00
2.200000000000000000e+01 6.267041153263471998e+00 -4.938701955227183582e+00 -1.921788855373847582e+00 -1.566858079225993627e+00
2.300000000000000000e+01 6.791865336988585078e+00 -3.958765786034731615e+00 -1.811502214410195544e+00 -1.246194823835532040e+00
2.400000000000000000e+01 7.039470852155038649e+00 -2.831058169227519627e+00 -1.648840943932387670e+00 -8.312574462619107818e-01
2.500000000000000000e+01 6.522863741160922046e+00 -1.805607600090298304e+00 -1.429184365314801974e+00 -2.913803207715539023e-01
2.600000000000000000e+01 6.361567690212495130e+00 2.922605265740802483e-01 -1.202973820593190357e+00 2.706728472826798737e-01
2.700000000000000000e+01 5.351714732695888266e+00 2.277248925269126811e+00 -9.992979994943517186e-01 8.430711597890014897e-01
2.800000000000000000e+01 3.048458472328242408e+00 1.888112997375073876e+00 -8.202694248408056721e-01 1.468506617422309368e+00
2.900000000000000000e+01 1.730297204548017609e+00 2.171793837670448646e+00 -6.768045376078208886e-01 1.941494255966079940e+00
3.000000000000000000e+01 3.714527227379437191e-01 2.488397110961010572e+00 -5.840361199643920864e-01 2.265451480484692137e+00
3.100000000000000000e+01 -1.295302690745636198e+00 2.534249372593057270e+00 -7.016626024589122101e-01 2.433899072536459318e+00
3.200000000000000000e+01 -1.551533020777263072e+00 1.451790212208219133e+00 -7.505850129656440606e-01 2.651310173579723983e+00
3.300000000000000000e+01 -1.215607526568464047e+00 5.558636738530899901e-01 -7.932517742913968162e-01 2.698238527484734472e+00
3.400000000000000000e+01 -1.502244196603525594e+00 6.899268947913602679e-01 -8.394400191116362375e-01 3.158419592206028970e+00
3.500000000000000000e+01 -2.219351878458450500e+00 5.749324360685938995e-01 -9.209546744189262002e-01 3.351669786969866394e+00
3.600000000000000000e+01 -3.076578498239011861e+00 3.848506572429063466e-01 -1.025046590598293283e+00 3.435996770505400200e+00
3.700000000000000000e+01 -4.790741618659315471e+00 -1.054643419454904141e+00 -1.159240617618253255e+00 3.327352317438024176e+00
3.800000000000000000e+01 -5.270530803269594777e+00 -2.658447716141065786e+00 -1.325570892674831525e+00 3.130449246312468681e+00
3.900000000000000000e+01 -6.295137627593307528e+00 -4.206033235244809099e+00 -1.558555699347958567e+00 3.093968740372283754e+00
4.000000000000000000e+01 -6.521907199851927572e+00 -5.497340351864959729e+00 -1.816837145307694801e+00 2.929338891976585479e+00
4.100000000000000000e+01 -6.293144173104520789e+00 -5.704983435278494497e+00 -1.919409309192721569e+00 2.881635748503780459e+00
4.200000000000000000e+01 -5.796461027279653067e+00 -6.410314698765717800e+00 -1.961808729870701207e+00 2.518243042509534568e+00
4.300000000000000000e+01 -6.507829044424547682e+00 -5.119297028351327938e+00 -2.007803157108485781e+00 2.595156435667389072e+00
4.400000000000000000e+01 -6.678059908840366710e+00 -4.622873042645093022e+00 -1.972540653219720053e+00 2.405121128233046690e+00
4.500000000000000000e+01 -6.747791885493997555e+00 -4.328865379346902742e+00 -1.902918452348511202e+00 2.030833523120358475e+00
4.600000000000000000e+01 -6.796124356423066892e+00 -3.529441067826059708e+00 -1.765290687927591140e+00 1.725623165319714047e+00
4.700000000000000000e+01 -6.520235457016669400e+00 -2.780095827151361831e+00 -1.588189668339126559e+00 1.184080130049590229e+00
4.800000000000000000e+01 -6.141819779964010628e+00 -1.539778378588458896e+00 -1.368500940571957925e+00 6.464980287872020837e-01
4.900000000000000000e+01 -5.825100179207210793e+00 5.909553042767919928e-01 -1.140204224695094526e+00 2.785944472943409633e-01
5.000000000000000000e+01 -4.536753993554890840e+00 2.238907754541321182e+00 -9.592744970470781229e-01 -2.223134274328473492e-01
5.100000000000000000e+01 -2.420911714603052989e+00 3.470484693786206165e+00 -8.788939556355618299e-01 -8.821988845554424863e-01
5.200000000000000000e+01 -1.153391751921873709e+00 4.178810965537648414e+00 -7.712776008229771385e-01 -9.933968056639495003e-01
5.300000000000000000e+01 1.155913865785113570e+00 5.526801787650326148e+00 -8.442874186317042007e-01 -1.343035041368851878e+00
5.400000000000000000e+01 2.507724462589616898e+00 4.917713774353416945e+00 -8.965955146073736337e-01 -1.751641345236636393e+00
5.500000000000000000e+01 3.408060574352372640e+00 3.984585658131897468e+00 -9.124386753187397892e-01 -2.107405889612981031e+00
5.600000000000000000e+01 4.615315512939803355e+00 2.944092664463053843e+00 -8.935815214730556955e-01 -2.319571129164193835e+00
5.700000000000000000e+01 6.102102995028520382e+00 1.769572049279771742e+00 -9.767674349873395334e-01 -2.509706577988853216e+00
5.800000000000000000e+01 6.980518270072661124e+00 2.111707289647381594e-02 -9.740456407194119093e-01 -2.782631114881684464e+00
5.900000000000000000e+01 8.497875166559740734e+00 -2.297261444463547519e+00 -1.219507030206484544e+00 -2.415502307399495230e+00
6.000000000000000000e+01 7.821182617536758030e+00 -4.500455416697319855e+00 -1.290568159799653447e+00 -1.963306406962326722e+00
6.100000000000000000e+01 7.994931412788221614e+00 -6.752236856187960434e+00 -1.566187238420696293e+00 -1.817758040710856893e+00
6.200000000000000000e+01 7.898086446451671350e+00 -8.752900621253147051e+00 -1.863056129046975595e+00 -1.677485074047331715e+00
6.300000000000000000e+01 5.941543069304485947e+00 -9.577276980761585179e+00 -1.939976366383223239e+00 -1.475092330528403606e+00
6.400000000000000000e+01 4.920883623671418405e+00 -8.524458519288254266e+00 -1.946178340767247716e+00 -1.454253880795167930e+00
6.500000000000000000e+01 4.414270577167855869e+00 -7.810512464459513637e+00 -1.958673529986815431e+00 -1.347967757033233349e+00
6.600000000000000000e+01 4.243701457884137440e+00 -7.285515586325530535e+00 -1.965607969407390465e+00 -1.034307134536195161e+00
6.700000000000000000e+01 4.557252072931202491e+00 -6.731547362913993027e+00 -1.957562337740259339e+00 -7.376517309848734660e-01
6.800000000000000000e+01 4.791266170973478289e+00 -5.905965847838327676e+00 -1.855904450430226671e+00 -1.488690565922836939e-01
6.900000000000000000e+01 5.416124740738684551e+00 -5.107135302409130162e+00 -1.777064420530848343e+00 -1.299856244090659974e-01
7.000000000000000000e+01 5.540191467035893602e+00 -4.166152837045838275e+00 -1.620128561733226835e+00 3.985018256346814502e-01
7.100000000000000000e+01 4.865543810215806175e+00 -2.857826331607911996e+00 -1.383229216546051354e+00 9.743941836793502675e-01
7.200000000000000000e+01 5.012711509597612469e+00 -1.005891660652406872e+00 -1.136515593419358261e+00 1.038681515468693917e+00
7.300000000000000000e+01 4.615672897492610005e+00 1.280239560981333291e+00 -8.971072342329788896e-01 1.034529280717469968e+00
7.400000000000000000e+01 2.723502998778592143e+00 1.224132464411847421e+00 -7.389544155285235894e-01 1.587902884239108747e+00
7.500000000000000000e+01 1.003811023465689622e+00 2.308140624229003013e+00 -6.518890197562402511e-01 1.478438278155858709e+00
7.600000000000000000e+01 -1.541258016390819163e+00 4.018966650481273994e+00 -6.853539549345533111e-01 1.171751789737607297e+00
7.700000000000000000e+01 -1.995100099044901043e+00 2.101095984849348230e+00 -6.557072265575417669e-01 2.032301859386938858e+00
7.800000000000000000e+01 -2.568388456226718297e+00 1.234155632256389135e+00 -7.135608730720949255e-01 2.327984705913707764e+00
7.900000000000000000e+01 -3.002824828873489338e+00 5.565773394256344764e-01 -7.382999097052621584e-01 2.396995649418833807e+00
8.000000000000000000e+01 -4.595490292941280863e+00 -2.200596004784950710e-02 -8.821077744111422980e-01 2.405565614645215344e+00
8.100000000000000000e+01 -6.052827428004480481e+00 -1.214844031833432147e+00 -1.075223071313194279e+00 2.354694358893977046e+00
8.200000000000000000e+01 -7.237949694896435027e+00 -3.320745849124778992e+00 -1.295040777310833668e+00 2.421955676210519215e+00
8.300000000000000000e+01 -7.529169387876322617e+00 -5.525557356712546664e+00 -1.496739351825826292e+00 2.110775332254644088e+00
8.400000000000000000e+01 -7.876515714239885391e+00 -8.553172356044123958e+00 -1.865411601986319834e+00 1.841887376933551757e+00
8.500000000000000000e+01 -6.773324470261168351e+00 -9.291604091742998506e+00 -2.006487568963329249e+00 1.808875607221148929e+00
8.600000000000000000e+01 -5.947889417647492571e+00 -1.020624476130850056e+01 -2.161302742065593474e+00 1.434887447515548864e+00
8.700000000000000000e+01 -5.353044937151461014e+00 -9.208601419161938750e+00 -2.170425107452798930e+00 1.782672039192087610e+00
8.800000000000000000e+01 -5.277550792007155600e+00 -9.072406777470297001e+00 -2.239711936181310037e+00 1.510500494909216229e+00
8.900000000000000000e+01 -5.076223103407785153e+00 -9.188328628008218146e+00 -2.276242412363826073e+00 9.356977719030878937e-01
9.000000000000000000e+01 -5.877592910297734008e+00 -9.289903924297734150e+00 -2.333120209620521912e+00 9.934888989075558730e-01
9.100000000000000000e+01 -6.213412585382330988e+00 -9.322052646870734094e+00 -2.334422475652013773e+00 5.357117871542351750e-01
9.200000000000000000e+01 -6.597496331951703041e+00 -8.926179941715188804e+00 -2.263720944509597821e+00 1.702313658577311040e-01
9.300000000000000000e+01 -6.120263459414968743e+00 -7.695763410257698389e+00 -2.114250168854915124e+00 -6.114290618183468862e-01
9.400000000000000000e+01 -5.647884040964132879e+00 -5.671529963306880084e+00 -1.920641184467663187e+00 -1.005339505192690330e+00
9.500000000000000000e+01 -5.075624545471248084e+00 -3.444743001787157866e+00 -1.798630075820705887e+00 -9.219262518725930278e-01
9.600000000000000000e+01 -3.116119037389567303e+00 3.878250063026948413e-01 -1.784939413275411724e+00 -1.348453475380450239e+00
9.700000000000000000e+01 -1.656566571534108911e+00 3.122775437162828460e+00 -1.760620686959395886e+00 -1.338231018984747278e+00
9.800000000000000000e+01 -6.909963097457414438e-01 4.636482662690643686e+00 -1.524777361212186877e+00 -1.128963379534634992e+00
9.900000000000000000e+01 1.755445960696859764e+00 6.158798817238319678e+00 -1.415227354508811430e+00 -1.153865544585508385e+00
1.000000000000000000e+02 3.406668015635818669e+00 6.111372223586854169e+00 -1.198392697250711736e+00 -8.451158153919167138e-01
1.010000000000000000e+02 4.171385515698165847e+00 3.818673700494106704e+00 -9.300434543083937466e-01 -1.656195266353720941e+00
1.020000000000000000e+02 3.396352849139479879e+00 1.850799033974383834e+00 -6.030629270790678342e-01 -1.329472468182040679e+00
1.030000000000000000e+02 4.174857254524606986e+00 4.801654487726055298e-01 -5.816788665444405648e-01 -1.251988084376612242e+00
1.040000000000000000e+02 5.622741207853229284e+00 -7.687482423609166560e-01 -6.715165203612284417e-01 -8.496090784222987136e-01
1.050000000000000000e+02 8.615547086521790021e+00 -3.401669208916823450e+00 -1.035123064467818210e+00 -1.108253622702130459e+00
1.060000000000000000e+02 1.058640727119580838e+01 -7.610698139152369812e+00 -1.426447769593242043e+00 -8.846025607072125485e-01
1.070000000000000000e+02 1.200740752398861488e+01 -1.401757208450267278e+01 -2.126045119549971663e+00 -8.892563043915348020e-01
1.080000000000000000e+02 7.218020637915107507e+00 -1.440934023095844019e+01 -2.058387151875588295e+00 -2.969887771121971221e-01
1.090000000000000000e+02 4.481258388551158767e+00 -1.437144242833199748e+01 -2.100375512453396265e+00 -4.030648285322095403e-01
1.100000000000000000e+02 1.729389574733998236e+00 -1.332355843722916511e+01 -2.040553344205137787e+00 1.025877008956492704e-02
1.110000000000000000e+02 4.080548511514727195e-01 -1.211084204206435722e+01 -2.021247620994509830e+00 -3.246816889965764563e-01
1.120000000000000000e+02 -6.030322043025684309e-01 -1.149455107533776577e+01 -2.085472907349797733e+00 -1.696270730364164980e-01
1.130000000000000000e+02 -1.888817888189241456e+00 -1.114179224780668243e+01 -2.090302489052376256e+00 1.345935667502562161e-01
1.140000000000000000e+02 -2.530238294641297792e+00 -1.046986286637854491e+01 -2.041423581417601607e+00 -1.257369305630949008e-01
1.150000000000000000e+02 -3.749712880601563381e+00 -9.679328254073896076e+00 -2.014345015614937395e+00 2.484469545324260176e-01
1.160000000000000000e+02 -3.945028225183030646e+00 -8.921537039708935524e+00 -1.901566431162366566e+00 -4.530142652339713520e-03
1.170000000000000000e+02 -4.925949191610937916e+00 -7.588898749475641914e+00 -1.832132375134398972e+00 9.538247257021571779e-02
1.180000000000000000e+02 -4.840880355679918701e+00 -6.408033725053810414e+00 -1.645888706729558670e+00 -5.001795699002985485e-01
1.190000000000000000e+02 -5.109427901703298858e+00 -4.846661268178281468e+00 -1.489772107347744123e+00 -6.813683696521881661e-01
1.200000000000000000e+02 -4.908358637879928210e+00 -2.818517076680518763e+00 -1.288905375882852367e+00 -6.212167424677783600e-01
1.210000000000000000e+02 -4.089197256948835957e+00 -7.000287315503603836e-01 -1.148526582851614020e+00 -1.286910186340863849e+00
1.220000000000000000e+02 -3.272391499051821473e+00 6.712771837807409714e-01 -1.008471016908507378e+00 -1.216324733586716222e+00
1.230000000000000000e+02 -2.170559037648794654e+00 1.802730747305877346e+00 -8.721642960065493222e-01 -1.282298628850426558e+00
1.240000000000000000e+02 -8.473230402040909937e-01 2.550988597307771943e+00 -7.724981640528588711e-01 -1.545709857577574731e+00
1.250000000000000000e+02 7.022879305212492707e-01 2.729383230738879895e+00 -6.981285462495018246e-01 -1.652215868092146822e+00
1.260000000000000000e+02 1.334276631650159750e+00 1.735424904778621213e+00 -5.565564712519946999e-01 -1.803936491012188004e+00
1.270000000000000000e+02 1.495288472254277634e+00 1.086550989034193559e+00 -4.001647830071101142e-01 -1.250508371820290954e+00
1.280000000000000000e+02 2.308776087649086151e+00 6.630716345933778122e-01 -5.237324073679937575e-01 -1.264443343440014633e+00
1.290000000000000000e+02 3.903783711108767651e+00 4.725187283559707015e-04 -7.288333986628958705e-01 -1.921614935619963216e+00
1.300000000000000000e+02 5.776502886829423922e+00 -1.499248236347959118e+00 -9.920616645439875869e-01 -2.342595791871454391e+00
1.310000000000000000e+02 6.717405820815775641e+00 -3.884540599026293783e+00 -1.207850689059747573e+00 -2.512829882093832179e+00
1.320000000000000000e+02 5.814997279978743272e+00 -5.894305380391967830e+00 -1.409368930877846093e+00 -1.838022322867291614e+00
1.330000000000000000e+02 5.327987931492846663e+00 -7.491972671645757309e+00 -1.574893649648754668e+00 -1.866705042498657763e+00
1.340000000000000000e+02 4.183050030927947915e+00 -7.825827073542348522e+00 -1.606594540660922110e+00 -1.713395745920598623e+00
1.350000000000000000e+02 2.854658840088590832e+00 -7.047897924479361365e+00 -1.503194450644575131e+00 -1.498376350246789723e+00
1.360000000000000000e+02 1.792777643381276764e+00 -5.994923714650346902e+00 -1.390725016810725467e+00 -1.207517014638235020e+00
1.370000000000000000e+02 1.227535378763978668e+00 -5.078050752315393268e+00 -1.226450064627571335e+00 -1.016841981266627615e+00
1.380000000000000000e+02 9.994259685162244500e-01 -4.156427592556796391e+00 -1.064068619299986418e+00 -9.303242104256359557e-01
1.390000000000000000e+02 9.864234331640067133e-01 -3.382461164707013079e+00 -9.120109261738240658e-01 -9.966438000949768838e-01
1.400000000000000000e+02 6.429686239987439933e-01 -2.612710323006530722e+00 -7.563124539809995550e-01 -7.005109010649228640e-01
1.410000000000000000e+02 6.622040124435971675e-01 -1.918106862164639992e+00 -6.075303205484142710e-01 -7.107986065273692589e-01
1.420000000000000000e+02 4.963104900452093293e-01 -1.393434523314407203e+00 -4.752295098928558392e-01 -5.664944973381669246e-01
1.430000000000000000e+02 4.024637323388936538e-01 -9.774350429286978725e-01 -3.731120845440714096e-01 -4.509549681129600418e-01
1.440000000000000000e+02 2.823167786052909189e-01 -6.953732446301298387e-01 -2.824028654111254144e-01 -3.189638291817324944e-01
1.450000000000000000e+02 1.000302308672563895e-01 -4.459670460318613250e-01 -2.148795820750841190e-01 -1.036256887387191766e-01
1.460000000000000000e+02 -1.346495376309409832e-02 -3.102029085401677433e-01 -1.582276943166391892e-01 4.027479319827677838e-03
1.470000000000000000e+02 -1.446467552601410182e-02 -1.667797343102798979e-01 -1.085750982803192072e-01 1.358089489699315124e-02
1.480000000000000000e+02 2.856344227921078088e-03 -7.461738750196379721e-02 -7.239048497819469685e-02 8.137940703108975746e-04
1.490000000000000000e+02 1.998219926584504993e-02 -2.546364594574630769e-02 -3.393836056024617659e-02 -2.206510334398223763e-02
0.000000000000000000e+00 -6.339216434325393834e+00 -3.571491140571826595e+00 -1.698635273214457397e+00 1.239661509145733698e+00
1.000000000000000000e+00 -6.244554505154923163e+00 -2.620787061413150543e+00 -1.523360895101057766e+00 7.774974129444861548e-01
2.000000000000000000e+00 -5.742899172286825227e+00 -1.639978259568477315e+00 -1.312985467645743087e+00 2.240267808643204850e-01
3.000000000000000000e+00 -5.222628109165311727e+00 -2.555404161967642085e-01 -1.088386569013250815e+00 -3.740482391208838631e-01
4.000000000000000000e+00 -4.364908114363811542e+00 1.151616760470544731e+00 -8.880120773207871299e-01 -9.328590757684486201e-01
5.000000000000000000e+00 -3.149167882015623920e+00 2.561512256789971520e+00 -7.421686247356351629e-01 -1.380481031885742782e+00
6.000000000000000000e+00 -1.531353748992136721e+00 3.314181320489774762e+00 -6.430388669806835766e-01 -1.749673908500272379e+00
7.000000000000000000e+00 2.394833561351750184e-01 3.998832727508000673e+00 -6.367834038398425545e-01 -1.993785573347025553e+00
8.000000000000000000e+00 1.506320639494182378e+00 3.149216294817627659e+00 -6.475602699050244659e-01 -2.152818044610716353e+00
9.000000000000000000e+00 2.842955424273262643e+00 2.663797577758575841e+00 -7.512810833627143747e-01 -2.140687022681783791e+00
1.000000000000000000e+01 4.499086256725772337e+00 2.238769677280336268e+00 -8.933486563098864686e-01 -2.041833337627902534e+00
1.100000000000000000e+01 6.030916536170020770e+00 1.340910776383031466e+00 -1.061407153429272832e+00 -2.489144232735042817e+00
1.200000000000000000e+01 7.690454035552610534e+00 -3.116049426859090477e-01 -1.225518883981999929e+00 -2.741524077216866306e+00
1.300000000000000000e+01 8.848550555386877292e+00 -2.859127933543056166e+00 -1.400179817522605452e+00 -2.746028995214886415e+00
1.400000000000000000e+01 8.900591447161446013e+00 -5.424476906564547285e+00 -1.599884853454508482e+00 -2.651644583080491557e+00
1.500000000000000000e+01 8.289282173199268300e+00 -7.848667738165256758e+00 -1.838518637482420282e+00 -2.432156725603020320e+00
1.600000000000000000e+01 6.681294250499791865e+00 -8.773470955686191175e+00 -1.907019888193100643e+00 -2.337734116132599738e+00
1.700000000000000000e+01 5.086063193410073957e+00 -8.818248712714495952e+00 -1.918408251673752396e+00 -2.285409761913538507e+00
1.800000000000000000e+01 4.849041939755529107e+00 -7.506051665991763322e+00 -1.957151510557900709e+00 -2.216361759465314218e+00
1.900000000000000000e+01 5.024653323565954288e+00 -6.700664912816994168e+00 -1.989458582798602881e+00 -2.148698832455745666e+00
2.000000000000000000e+01 5.067551522256097840e+00 -6.480436394312564907e+00 -2.002944449527911175e+00 -1.948798967460085851e+00
2.100000000000000000e+01 5.675398238490331870e+00 -5.747848813642192134e+00 -1.984483425015570512e+00 -1.791429973232651740e+00
2.200000000000000000e+01 6.267041153263471998e+00 -4.938701955227183582e+00 -1.921788855373847582e+00 -1.566858079225993627e+00
2.300000000000000000e+01 6.791865336988585078e+00 -3.958765786034731615e+00 -1.811502214410195544e+00 -1.246194823835532040e+00
2.400000000000000000e+01 7.039470852155038649e+00 -2.831058169227519627e+00 -1.648840943932387670e+00 -8.312574462619107818e-01
2.500000000000000000e+01 6.522863741160922046e+00 -1.805607600090298304e+00 -1.429184365314801974e+00 -2.913803207715539023e-01
2.600000000000000000e+01 6.361567690212495130e+00 2.922605265740802483e-01 -1.202973820593190357e+00 2.706728472826798737e-01
2.700000000000000000e+01 5.351714732695888266e+00 2.277248925269126811e+00 -9.992979994943517186e-01 8.430711597890014897e-01
2.800000000000000000e+01 3.048458472328242408e+00 1.888112997375073876e+00 -8.202694248408056721e-01 1.468506617422309368e+00
2.900000000000000000e+01 1.730297204548017609e+00 2.171793837670448646e+00 -6.768045376078208886e-01 1.941494255966079940e+00
3.000000000000000000e+01 3.714527227379437191e-01 2.488397110961010572e+00 -5.840361199643920864e-01 2.265451480484692137e+00
3.100000000000000000e+01 -1.295302690745636198e+00 2.534249372593057270e+00 -7.016626024589122101e-01 2.433899072536459318e+00
3.200000000000000000e+01 -1.551533020777263072e+00 1.451790212208219133e+00 -7.505850129656440606e-01 2.651310173579723983e+00
3.300000000000000000e+01 -1.215607526568464047e+00 5.558636738530899901e-01 -7.932517742913968162e-01 2.698238527484734472e+00
3.400000000000000000e+01 -1.502244196603525594e+00 6.899268947913602679e-01 -8.394400191116362375e-01 3.158419592206028970e+00
3.500000000000000000e+01 -2.219351878458450500e+00 5.749324360685938995e-01 -9.209546744189262002e-01 3.351669786969866394e+00
3.600000000000000000e+01 -3.076578498239011861e+00 3.848506572429063466e-01 -1.025046590598293283e+00 3.435996770505400200e+00
3.700000000000000000e+01 -4.790741618659315471e+00 -1.054643419454904141e+00 -1.159240617618253255e+00 3.327352317438024176e+00
3.800000000000000000e+01 -5.270530803269594777e+00 -2.658447716141065786e+00 -1.325570892674831525e+00 3.130449246312468681e+00
3.900000000000000000e+01 -6.295137627593307528e+00 -4.206033235244809099e+00 -1.558555699347958567e+00 3.093968740372283754e+00
4.000000000000000000e+01 -6.521907199851927572e+00 -5.497340351864959729e+00 -1.816837145307694801e+00 2.929338891976585479e+00
4.100000000000000000e+01 -6.293144173104520789e+00 -5.704983435278494497e+00 -1.919409309192721569e+00 2.881635748503780459e+00
4.200000000000000000e+01 -5.796461027279653067e+00 -6.410314698765717800e+00 -1.961808729870701207e+00 2.518243042509534568e+00
4.300000000000000000e+01 -6.507829044424547682e+00 -5.119297028351327938e+00 -2.007803157108485781e+00 2.595156435667389072e+00
4.400000000000000000e+01 -6.678059908840366710e+00 -4.622873042645093022e+00 -1.972540653219720053e+00 2.405121128233046690e+00
4.500000000000000000e+01 -6.747791885493997555e+00 -4.328865379346902742e+00 -1.902918452348511202e+00 2.030833523120358475e+00
4.600000000000000000e+01 -6.796124356423066892e+00 -3.529441067826059708e+00 -1.765290687927591140e+00 1.725623165319714047e+00
4.700000000000000000e+01 -6.520235457016669400e+00 -2.780095827151361831e+00 -1.588189668339126559e+00 1.184080130049590229e+00
4.800000000000000000e+01 -6.141819779964010628e+00 -1.539778378588458896e+00 -1.368500940571957925e+00 6.464980287872020837e-01
4.900000000000000000e+01 -5.825100179207210793e+00 5.909553042767919928e-01 -1.140204224695094526e+00 2.785944472943409633e-01
5.000000000000000000e+01 -4.536753993554890840e+00 2.238907754541321182e+00 -9.592744970470781229e-01 -2.223134274328473492e-01
5.100000000000000000e+01 -2.420911714603052989e+00 3.470484693786206165e+00 -8.788939556355618299e-01 -8.821988845554424863e-01
5.200000000000000000e+01 -1.153391751921873709e+00 4.178810965537648414e+00 -7.712776008229771385e-01 -9.933968056639495003e-01
5.300000000000000000e+01 1.155913865785113570e+00 5.526801787650326148e+00 -8.442874186317042007e-01 -1.343035041368851878e+00
5.400000000000000000e+01 2.507724462589616898e+00 4.917713774353416945e+00 -8.965955146073736337e-01 -1.751641345236636393e+00
5.500000000000000000e+01 3.408060574352372640e+00 3.984585658131897468e+00 -9.124386753187397892e-01 -2.107405889612981031e+00
5.600000000000000000e+01 4.615315512939803355e+00 2.944092664463053843e+00 -8.935815214730556955e-01 -2.319571129164193835e+00
5.700000000000000000e+01 6.102102995028520382e+00 1.769572049279771742e+00 -9.767674349873395334e-01 -2.509706577988853216e+00
5.800000000000000000e+01 6.980518270072661124e+00 2.111707289647381594e-02 -9.740456407194119093e-01 -2.782631114881684464e+00
5.900000000000000000e+01 8.497875166559740734e+00 -2.297261444463547519e+00 -1.219507030206484544e+00 -2.415502307399495230e+00
6.000000000000000000e+01 7.821182617536758030e+00 -4.500455416697319855e+00 -1.290568159799653447e+00 -1.963306406962326722e+00
6.100000000000000000e+01 7.994931412788221614e+00 -6.752236856187960434e+00 -1.566187238420696293e+00 -1.817758040710856893e+00
6.200000000000000000e+01 7.898086446451671350e+00 -8.752900621253147051e+00 -1.863056129046975595e+00 -1.677485074047331715e+00
6.300000000000000000e+01 5.941543069304485947e+00 -9.577276980761585179e+00 -1.939976366383223239e+00 -1.475092330528403606e+00
6.400000000000000000e+01 4.920883623671418405e+00 -8.524458519288254266e+00 -1.946178340767247716e+00 -1.454253880795167930e+00
6.500000000000000000e+01 4.414270577167855869e+00 -7.810512464459513637e+00 -1.958673529986815431e+00 -1.347967757033233349e+00
6.600000000000000000e+01 4.243701457884137440e+00 -7.285515586325530535e+00 -1.965607969407390465e+00 -1.034307134536195161e+00
6.700000000000000000e+01 4.557252072931202491e+00 -6.731547362913993027e+00 -1.957562337740259339e+00 -7.376517309848734660e-01
6.800000000000000000e+01 4.791266170973478289e+00 -5.905965847838327676e+00 -1.855904450430226671e+00 -1.488690565922836939e-01
6.900000000000000000e+01 5.416124740738684551e+00 -5.107135302409130162e+00 -1.777064420530848343e+00 -1.299856244090659974e-01
7.000000000000000000e+01 5.540191467035893602e+00 -4.166152837045838275e+00 -1.620128561733226835e+00 3.985018256346814502e-01
7.100000000000000000e+01 4.865543810215806175e+00 -2.857826331607911996e+00 -1.383229216546051354e+00 9.743941836793502675e-01
7.200000000000000000e+01 5.012711509597612469e+00 -1.005891660652406872e+00 -1.136515593419358261e+00 1.038681515468693917e+00
7.300000000000000000e+01 4.615672897492610005e+00 1.280239560981333291e+00 -8.971072342329788896e-01 1.034529280717469968e+00
7.400000000000000000e+01 2.723502998778592143e+00 1.224132464411847421e+00 -7.389544155285235894e-01 1.587902884239108747e+00
7.500000000000000000e+01 1.003811023465689622e+00 2.308140624229003013e+00 -6.518890197562402511e-01 1.478438278155858709e+00
7.600000000000000000e+01 -1.541258016390819163e+00 4.018966650481273994e+00 -6.853539549345533111e-01 1.171751789737607297e+00
7.700000000000000000e+01 -1.995100099044901043e+00 2.101095984849348230e+00 -6.557072265575417669e-01 2.032301859386938858e+00
7.800000000000000000e+01 -2.568388456226718297e+00 1.234155632256389135e+00 -7.135608730720949255e-01 2.327984705913707764e+00
7.900000000000000000e+01 -3.002824828873489338e+00 5.565773394256344764e-01 -7.382999097052621584e-01 2.396995649418833807e+00
8.000000000000000000e+01 -4.595490292941280863e+00 -2.200596004784950710e-02 -8.821077744111422980e-01 2.405565614645215344e+00
8.100000000000000000e+01 -6.052827428004480481e+00 -1.214844031833432147e+00 -1.075223071313194279e+00 2.354694358893977046e+00
8.200000000000000000e+01 -7.237949694896435027e+00 -3.320745849124778992e+00 -1.295040777310833668e+00 2.421955676210519215e+00
8.300000000000000000e+01 -7.529169387876322617e+00 -5.525557356712546664e+00 -1.496739351825826292e+00 2.110775332254644088e+00
8.400000000000000000e+01 -7.876515714239885391e+00 -8.553172356044123958e+00 -1.865411601986319834e+00 1.841887376933551757e+00
8.500000000000000000e+01 -6.773324470261168351e+00 -9.291604091742998506e+00 -2.006487568963329249e+00 1.808875607221148929e+00
8.600000000000000000e+01 -5.947889417647492571e+00 -1.020624476130850056e+01 -2.161302742065593474e+00 1.434887447515548864e+00
8.700000000000000000e+01 -5.353044937151461014e+00 -9.208601419161938750e+00 -2.170425107452798930e+00 1.782672039192087610e+00
8.800000000000000000e+01 -5.277550792007155600e+00 -9.072406777470297001e+00 -2.239711936181310037e+00 1.510500494909216229e+00
8.900000000000000000e+01 -5.076223103407785153e+00 -9.188328628008218146e+00 -2.276242412363826073e+00 9.356977719030878937e-01
9.000000000000000000e+01 -5.877592910297734008e+00 -9.289903924297734150e+00 -2.333120209620521912e+00 9.934888989075558730e-01
9.100000000000000000e+01 -6.213412585382330988e+00 -9.322052646870734094e+00 -2.334422475652013773e+00 5.357117871542351750e-01
9.200000000000000000e+01 -6.597496331951703041e+00 -8.926179941715188804e+00 -2.263720944509597821e+00 1.702313658577311040e-01
9.300000000000000000e+01 -6.120263459414968743e+00 -7.695763410257698389e+00 -2.114250168854915124e+00 -6.114290618183468862e-01
9.400000000000000000e+01 -5.647884040964132879e+00 -5.671529963306880084e+00 -1.920641184467663187e+00 -1.005339505192690330e+00
9.500000000000000000e+01 -5.075624545471248084e+00 -3.444743001787157866e+00 -1.798630075820705887e+00 -9.219262518725930278e-01
9.600000000000000000e+01 -3.116119037389567303e+00 3.878250063026948413e-01 -1.784939413275411724e+00 -1.348453475380450239e+00
9.700000000000000000e+01 -1.656566571534108911e+00 3.122775437162828460e+00 -1.760620686959395886e+00 -1.338231018984747278e+00
9.800000000000000000e+01 -6.909963097457414438e-01 4.636482662690643686e+00 -1.524777361212186877e+00 -1.128963379534634992e+00
9.900000000000000000e+01 1.755445960696859764e+00 6.158798817238319678e+00 -1.415227354508811430e+00 -1.153865544585508385e+00
1.000000000000000000e+02 3.406668015635818669e+00 6.111372223586854169e+00 -1.198392697250711736e+00 -8.451158153919167138e-01
1.010000000000000000e+02 4.171385515698165847e+00 3.818673700494106704e+00 -9.300434543083937466e-01 -1.656195266353720941e+00
1.020000000000000000e+02 3.396352849139479879e+00 1.850799033974383834e+00 -6.030629270790678342e-01 -1.329472468182040679e+00
1.030000000000000000e+02 4.174857254524606986e+00 4.801654487726055298e-01 -5.816788665444405648e-01 -1.251988084376612242e+00
1.040000000000000000e+02 5.622741207853229284e+00 -7.687482423609166560e-01 -6.715165203612284417e-01 -8.496090784222987136e-01
1.050000000000000000e+02 8.615547086521790021e+00 -3.401669208916823450e+00 -1.035123064467818210e+00 -1.108253622702130459e+00
1.060000000000000000e+02 1.058640727119580838e+01 -7.610698139152369812e+00 -1.426447769593242043e+00 -8.846025607072125485e-01
1.070000000000000000e+02 1.200740752398861488e+01 -1.401757208450267278e+01 -2.126045119549971663e+00 -8.892563043915348020e-01
1.080000000000000000e+02 7.218020637915107507e+00 -1.440934023095844019e+01 -2.058387151875588295e+00 -2.969887771121971221e-01
1.090000000000000000e+02 4.481258388551158767e+00 -1.437144242833199748e+01 -2.100375512453396265e+00 -4.030648285322095403e-01
1.100000000000000000e+02 1.729389574733998236e+00 -1.332355843722916511e+01 -2.040553344205137787e+00 1.025877008956492704e-02
1.110000000000000000e+02 4.080548511514727195e-01 -1.211084204206435722e+01 -2.021247620994509830e+00 -3.246816889965764563e-01
1.120000000000000000e+02 -6.030322043025684309e-01 -1.149455107533776577e+01 -2.085472907349797733e+00 -1.696270730364164980e-01
1.130000000000000000e+02 -1.888817888189241456e+00 -1.114179224780668243e+01 -2.090302489052376256e+00 1.345935667502562161e-01
1.140000000000000000e+02 -2.530238294641297792e+00 -1.046986286637854491e+01 -2.041423581417601607e+00 -1.257369305630949008e-01
1.150000000000000000e+02 -3.749712880601563381e+00 -9.679328254073896076e+00 -2.014345015614937395e+00 2.484469545324260176e-01
1.160000000000000000e+02 -3.945028225183030646e+00 -8.921537039708935524e+00 -1.901566431162366566e+00 -4.530142652339713520e-03
1.170000000000000000e+02 -4.925949191610937916e+00 -7.588898749475641914e+00 -1.832132375134398972e+00 9.538247257021571779e-02
1.180000000000000000e+02 -4.840880355679918701e+00 -6.408033725053810414e+00 -1.645888706729558670e+00 -5.001795699002985485e-01
1.190000000000000000e+02 -5.109427901703298858e+00 -4.846661268178281468e+00 -1.489772107347744123e+00 -6.813683696521881661e-01
1.200000000000000000e+02 -4.908358637879928210e+00 -2.818517076680518763e+00 -1.288905375882852367e+00 -6.212167424677783600e-01
1.210000000000000000e+02 -4.089197256948835957e+00 -7.000287315503603836e-01 -1.148526582851614020e+00 -1.286910186340863849e+00
1.220000000000000000e+02 -3.272391499051821473e+00 6.712771837807409714e-01 -1.008471016908507378e+00 -1.216324733586716222e+00
1.230000000000000000e+02 -2.170559037648794654e+00 1.802730747305877346e+00 -8.721642960065493222e-01 -1.282298628850426558e+00
1.240000000000000000e+02 -8.473230402040909937e-01 2.550988597307771943e+00 -7.724981640528588711e-01 -1.545709857577574731e+00
1.250000000000000000e+02 7.022879305212492707e-01 2.729383230738879895e+00 -6.981285462495018246e-01 -1.652215868092146822e+00
1.260000000000000000e+02 1.334276631650159750e+00 1.735424904778621213e+00 -5.565564712519946999e-01 -1.803936491012188004e+00
1.270000000000000000e+02 1.495288472254277634e+00 1.086550989034193559e+00 -4.001647830071101142e-01 -1.250508371820290954e+00
1.280000000000000000e+02 2.308776087649086151e+00 6.630716345933778122e-01 -5.237324073679937575e-01 -1.264443343440014633e+00
1.290000000000000000e+02 3.903783711108767651e+00 4.725187283559707015e-04 -7.288333986628958705e-01 -1.921614935619963216e+00
1.300000000000000000e+02 5.776502886829423922e+00 -1.499248236347959118e+00 -9.920616645439875869e-01 -2.342595791871454391e+00
1.310000000000000000e+02 6.717405820815775641e+00 -3.884540599026293783e+00 -1.207850689059747573e+00 -2.512829882093832179e+00
1.320000000000000000e+02 5.814997279978743272e+00 -5.894305380391967830e+00 -1.409368930877846093e+00 -1.838022322867291614e+00
1.330000000000000000e+02 5.327987931492846663e+00 -7.491972671645757309e+00 -1.574893649648754668e+00 -1.866705042498657763e+00
1.340000000000000000e+02 4.183050030927947915e+00 -7.825827073542348522e+00 -1.606594540660922110e+00 -1.713395745920598623e+00
1.350000000000000000e+02 2.854658840088590832e+00 -7.047897924479361365e+00 -1.503194450644575131e+00 -1.498376350246789723e+00
1.360000000000000000e+02 1.792777643381276764e+00 -5.994923714650346902e+00 -1.390725016810725467e+00 -1.207517014638235020e+00
1.370000000000000000e+02 1.227535378763978668e+00 -5.078050752315393268e+00 -1.226450064627571335e+00 -1.016841981266627615e+00
1.380000000000000000e+02 9.994259685162244500e-01 -4.156427592556796391e+00 -1.064068619299986418e+00 -9.303242104256359557e-01
1.390000000000000000e+02 9.864234331640067133e-01 -3.382461164707013079e+00 -9.120109261738240658e-01 -9.966438000949768838e-01
1.400000000000000000e+02 6.429686239987439933e-01 -2.612710323006530722e+00 -7.563124539809995550e-01 -7.005109010649228640e-01
1.410000000000000000e+02 6.622040124435971675e-01 -1.918106862164639992e+00 -6.075303205484142710e-01 -7.107986065273692589e-01
1.420000000000000000e+02 4.963104900452093293e-01 -1.393434523314407203e+00 -4.752295098928558392e-01 -5.664944973381669246e-01
1.430000000000000000e+02 4.024637323388936538e-01 -9.774350429286978725e-01 -3.731120845440714096e-01 -4.509549681129600418e-01
1.440000000000000000e+02 2.823167786052909189e-01 -6.953732446301298387e-01 -2.824028654111254144e-01 -3.189638291817324944e-01
1.450000000000000000e+02 1.000302308672563895e-01 -4.459670460318613250e-01 -2.148795820750841190e-01 -1.036256887387191766e-01
1.460000000000000000e+02 -1.346495376309409832e-02 -3.102029085401677433e-01 -1.582276943166391892e-01 4.027479319827677838e-03
1.470000000000000000e+02 -1.446467552601410182e-02 -1.667797343102798979e-01 -1.085750982803192072e-01 1.358089489699315124e-02
1.480000000000000000e+02 2.856344227921078088e-03 -7.461738750196379721e-02 -7.239048497819469685e-02 8.137940703108975746e-04
1.490000000000000000e+02 1.998219926584504993e-02 -2.546364594574630769e-02 -3.393836056024617659e-02 -2.206510334398223763e-02
0.000000000000000000e+00 -6.339216434325393834e+00 -3.571491140571826595e+00 -1.698635273214457397e+00 1.239661509145733698e+00
1.000000000000000000e+00 -6.244554505154923163e+00 -2.620787061413150543e+00 -1.523360895101057766e+00 7.774974129444861548e-01
2.000000000000000000e+00 -5.742899172286825227e+00 -1.639978259568477315e+00 -1.312985467645743087e+00 2.240267808643204850e-01
3.000000000000000000e+00 -5.222628109165311727e+00 -2.555404161967642085e-01 -1.088386569013250815e+00 -3.740482391208838631e-01
4.000000000000000000e+00 -4.364908114363811542e+00 1.151616760470544731e+00 -8.880120773207871299e-01 -9.328590757684486201e-01
5.000000000000000000e+00 -3.149167882015623920e+00 2.561512256789971520e+00 -7.421686247356351629e-01 -1.380481031885742782e+00
6.000000000000000000e+00 -1.531353748992136721e+00 3.314181320489774762e+00 -6.430388669806835766e-01 -1.749673908500272379e+00
7.000000000000000000e+00 2.394833561351750184e-01 3.998832727508000673e+00 -6.367834038398425545e-01 -1.993785573347025553e+00
8.000000000000000000e+00 1.506320639494182378e+00 3.149216294817627659e+00 -6.475602699050244659e-01 -2.152818044610716353e+00
9.000000000000000000e+00 2.842955424273262643e+00 2.663797577758575841e+00 -7.512810833627143747e-01 -2.140687022681783791e+00
1.000000000000000000e+01 4.499086256725772337e+00 2.238769677280336268e+00 -8.933486563098864686e-01 -2.041833337627902534e+00
1.100000000000000000e+01 6.030916536170020770e+00 1.340910776383031466e+00 -1.061407153429272832e+00 -2.489144232735042817e+00
1.200000000000000000e+01 7.690454035552610534e+00 -3.116049426859090477e-01 -1.225518883981999929e+00 -2.741524077216866306e+00
1.300000000000000000e+01 8.848550555386877292e+00 -2.859127933543056166e+00 -1.400179817522605452e+00 -2.746028995214886415e+00
1.400000000000000000e+01 8.900591447161446013e+00 -5.424476906564547285e+00 -1.599884853454508482e+00 -2.651644583080491557e+00
1.500000000000000000e+01 8.289282173199268300e+00 -7.848667738165256758e+00 -1.838518637482420282e+00 -2.432156725603020320e+00
1.600000000000000000e+01 6.681294250499791865e+00 -8.773470955686191175e+00 -1.907019888193100643e+00 -2.337734116132599738e+00
1.700000000000000000e+01 5.086063193410073957e+00 -8.818248712714495952e+00 -1.918408251673752396e+00 -2.285409761913538507e+00
1.800000000000000000e+01 4.849041939755529107e+00 -7.506051665991763322e+00 -1.957151510557900709e+00 -2.216361759465314218e+00
1.900000000000000000e+01 5.024653323565954288e+00 -6.700664912816994168e+00 -1.989458582798602881e+00 -2.148698832455745666e+00
2.000000000000000000e+01 5.067551522256097840e+00 -6.480436394312564907e+00 -2.002944449527911175e+00 -1.948798967460085851e+00
2.100000000000000000e+01 5.675398238490331870e+00 -5.747848813642192134e+00 -1.984483425015570512e+00 -1.791429973232651740e+00
2.200000000000000000e+01 6.267041153263471998e+00 -4.938701955227183582e+00 -1.921788855373847582e+00 -1.566858079225993627e+00
2.300000000000000000e+01 6.791865336988585078e+00 -3.958765786034731615e+00 -1.811502214410195544e+00 -1.246194823835532040e+00
2.400000000000000000e+01 7.039470852155038649e+00 -2.831058169227519627e+00 -1.648840943932387670e+00 -8.312574462619107818e-01
2.500000000000000000e+01 6.522863741160922046e+00 -1.805607600090298304e+00 -1.429184365314801974e+00 -2.913803207715539023e-01
2.600000000000000000e+01 6.361567690212495130e+00 2.922605265740802483e-01 -1.202973820593190357e+00 2.706728472826798737e-01
2.700000000000000000e+01 5.351714732695888266e+00 2.277248925269126811e+00 -9.992979994943517186e-01 8.430711597890014897e-01
2.800000000000000000e+01 3.048458472328242408e+00 1.888112997375073876e+00 -8.202694248408056721e-01 1.468506617422309368e+00
2.900000000000000000e+01 1.730297204548017609e+00 2.171793837670448646e+00 -6.768045376078208886e-01 1.941494255966079940e+00
3.000000000000000000e+01 3.714527227379437191e-01 2.488397110961010572e+00 -5.840361199643920864e-01 2.265451480484692137e+00
3.100000000000000000e+01 -1.295302690745636198e+00 2.534249372593057270e+00 -7.016626024589122101e-01 2.433899072536459318e+00
3.200000000000000000e+01 -1.551533020777263072e+00 1.451790212208219133e+00 -7.505850129656440606e-01 2.651310173579723983e+00
3.300000000000000000e+01 -1.215607526568464047e+00 5.558636738530899901e-01 -7.932517742913968162e-01 2.698238527484734472e+00
3.400000000000000000e+01 -1.502244196603525594e+00 6.899268947913602679e-01 -8.394400191116362375e-01 3.158419592206028970e+00
3.500000000000000000e+01 -2.219351878458450500e+00 5.749324360685938995e-01 -9.209546744189262002e-01 3.351669786969866394e+00
3.600000000000000000e+01 -3.076578498239011861e+00 3.848506572429063466e-01 -1.025046590598293283e+00 3.435996770505400200e+00
3.700000000000000000e+01 -4.790741618659315471e+00 -1.054643419454904141e+00 -1.159240617618253255e+00 3.327352317438024176e+00
3.800000000000000000e+01 -5.270530803269594777e+00 -2.658447716141065786e+00 -1.325570892674831525e+00 3.130449246312468681e+00
3.900000000000000000e+01 -6.295137627593307528e+00 -4.206033235244809099e+00 -1.558555699347958567e+00 3.093968740372283754e+00
4.000000000000000000e+01 -6.521907199851927572e+00 -5.497340351864959729e+00 -1.816837145307694801e+00 2.929338891976585479e+00
4.100000000000000000e+01 -6.293144173104520789e+00 -5.704983435278494497e+00 -1.919409309192721569e+00 2.881635748503780459e+00
4.200000000000000000e+01 -5.796461027279653067e+00 -6.410314698765717800e+00 -1.961808729870701207e+00 2.518243042509534568e+00
4.300000000000000000e+01 -6.507829044424547682e+00 -5.119297028351327938e+00 -2.007803157108485781e+00 2.595156435667389072e+00
4.400000000000000000e+01 -6.678059908840366710e+00 -4.622873042645093022e+00 -1.972540653219720053e+00 2.405121128233046690e+00
4.500000000000000000e+01 -6.747791885493997555e+00 -4.328865379346902742e+00 -1.902918452348511202e+00 2.030833523120358475e+00
4.600000000000000000e+01 -6.796124356423066892e+00 -3.529441067826059708e+00 -1.765290687927591140e+00 1.725623165319714047e+00
4.700000000000000000e+01 -6.520235457016669400e+00 -2.780095827151361831e+00 -1.588189668339126559e+00 1.184080130049590229e+00
4.800000000000000000e+01 -6.141819779964010628e+00 -1.539778378588458896e+00 -1.368500940571957925e+00 6.464980287872020837e-01
4.900000000000000000e+01 -5.825100179207210793e+00 5.909553042767919928e-01 -1.140204224695094526e+00 2.785944472943409633e-01
5.000000000000000000e+01 -4.536753993554890840e+00 2.238907754541321182e+00 -9.592744970470781229e-01 -2.223134274328473492e-01
5.100000000000000000e+01 -2.420911714603052989e+00 3.470484693786206165e+00 -8.788939556355618299e-01 -8.821988845554424863e-01
5.200000000000000000e+01 -1.153391751921873709e+00 4.178810965537648414e+00 -7.712776008229771385e-01 -9.933968056639495003e-01
5.300000000000000000e+01 1.155913865785113570e+00 5.526801787650326148e+00 -8.442874186317042007e-01 -1.343035041368851878e+00
5.400000000000000000e+01 2.507724462589616898e+00 4.917713774353416945e+00 -8.965955146073736337e-01 -1.751641345236636393e+00
5.500000000000000000e+01 3.408060574352372640e+00 3.984585658131897468e+00 -9.124386753187397892e-01 -2.107405889612981031e+00
5.600000000000000000e+01 4.615315512939803355e+00 2.944092664463053843e+00 -8.935815214730556955e-01 -2.319571129164193835e+00
5.700000000000000000e+01 6.102102995028520382e+00 1.769572049279771742e+00 -9.767674349873395334e-01 -2.509706577988853216e+00
5.800000000000000000e+01 6.980518270072661124e+00 2.111707289647381594e-02 -9.740456407194119093e-01 -2.782631114881684464e+00
5.900000000000000000e+01 8.497875166559740734e+00 -2.297261444463547519e+00 -1.219507030206484544e+00 -2.415502307399495230e+00
6.000000000000000000e+01 7.821182617536758030e+00 -4.500455416697319855e+00 -1.290568159799653447e+00 -1.963306406962326722e+00
6.100000000000000000e+01 7.994931412788221614e+00 -6.752236856187960434e+00 -1.566187238420696293e+00 -1.817758040710856893e+00
6.200000000000000000e+01 7.898086446451671350e+00 -8.752900621253147051e+00 -1.863056129046975595e+00 -1.677485074047331715e+00
6.300000000000000000e+01 5.941543069304485947e+00 -9.577276980761585179e+00 -1.939976366383223239e+00 -1.475092330528403606e+00
6.400000000000000000e+01 4.920883623671418405e+00 -8.524458519288254266e+00 -1.946178340767247716e+00 -1.454253880795167930e+00
6.500000000000000000e+01 4.414270577167855869e+00 -7.810512464459513637e+00 -1.958673529986815431e+00 -1.347967757033233349e+00
6.600000000000000000e+01 4.243701457884137440e+00 -7.285515586325530535e+00 -1.965607969407390465e+00 -1.034307134536195161e+00
6.700000000000000000e+01 4.557252072931202491e+00 -6.731547362913993027e+00 -1.957562337740259339e+00 -7.376517309848734660e-01
6.800000000000000000e+01 4.791266170973478289e+00 -5.905965847838327676e+00 -1.855904450430226671e+00 -1.488690565922836939e-01
6.900000000000000000e+01 5.416124740738684551e+00 -5.107135302409130162e+00 -1.777064420530848343e+00 -1.299856244090659974e-01
7.000000000000000000e+01 5.540191467035893602e+00 -4.166152837045838275e+00 -1.620128561733226835e+00 3.985018256346814502e-01
7.100000000000000000e+01 4.865543810215806175e+00 -2.857826331607911996e+00 -1.383229216546051354e+00 9.743941836793502675e-01
7.200000000000000000e+01 5.012711509597612469e+00 -1.005891660652406872e+00 -1.136515593419358261e+00 1.038681515468693917e+00
7.300000000000000000e+01 4.615672897492610005e+00 1.280239560981333291e+00 -8.971072342329788896e-01 1.034529280717469968e+00
7.400000000000000000e+01 2.723502998778592143e+00 1.224132464411847421e+00 -7.389544155285235894e-01 1.587902884239108747e+00
7.500000000000000000e+01 1.003811023465689622e+00 2.308140624229003013e+00 -6.518890197562402511e-01 1.478438278155858709e+00
7.600000000000000000e+01 -1.541258016390819163e+00 4.018966650481273994e+00 -6.853539549345533111e-01 1.171751789737607297e+00
7.700000000000000000e+01 -1.995100099044901043e+00 2.101095984849348230e+00 -6.557072265575417669e-01 2.032301859386938858e+00
7.800000000000000000e+01 -2.568388456226718297e+00 1.234155632256389135e+00 -7.135608730720949255e-01 2.327984705913707764e+00
7.900000000000000000e+01 -3.002824828873489338e+00 5.565773394256344764e-01 -7.382999097052621584e-01 2.396995649418833807e+00
8.000000000000000000e+01 -4.595490292941280863e+00 -2.200596004784950710e-02 -8.821077744111422980e-01 2.405565614645215344e+00
8.100000000000000000e+01 -6.052827428004480481e+00 -1.214844031833432147e+00 -1.075223071313194279e+00 2.354694358893977046e+00
8.200000000000000000e+01 -7.237949694896435027e+00 -3.320745849124778992e+00 -1.295040777310833668e+00 2.421955676210519215e+00
8.300000000000000000e+01 -7.529169387876322617e+00 -5.525557356712546664e+00 -1.496739351825826292e+00 2.110775332254644088e+00
8.400000000000000000e+01 -7.876515714239885391e+00 -8.553172356044123958e+00 -1.865411601986319834e+00 1.841887376933551757e+00
8.500000000000000000e+01 -6.773324470261168351e+00 -9.291604091742998506e+00 -2.006487568963329249e+00 1.808875607221148929e+00
8.600000000000000000e+01 -5.947889417647492571e+00 -1.020624476130850056e+01 -2.161302742065593474e+00 1.434887447515548864e+00
8.700000000000000000e+01 -5.353044937151461014e+00 -9.208601419161938750e+00 -2.170425107452798930e+00 1.782672039192087610e+00
8.800000000000000000e+01 -5.277550792007155600e+00 -9.072406777470297001e+00 -2.239711936181310037e+00 1.510500494909216229e+00
8.900000000000000000e+01 -5.076223103407785153e+00 -9.188328628008218146e+00 -2.276242412363826073e+00 9.356977719030878937e-01
9.000000000000000000e+01 -5.877592910297734008e+00 -9.289903924297734150e+00 -2.333120209620521912e+00 9.934888989075558730e-01
9.100000000000000000e+01 -6.213412585382330988e+00 -9.322052646870734094e+00 -2.334422475652013773e+00 5.357117871542351750e-01
9.200000000000000000e+01 -6.597496331951703041e+00 -8.926179941715188804e+00 -2.263720944509597821e+00 1.702313658577311040e-01
9.300000000000000000e+01 -6.120263459414968743e+00 -7.695763410257698389e+00 -2.114250168854915124e+00 -6.114290618183468862e-01
9.400000000000000000e+01 -5.647884040964132879e+00 -5.671529963306880084e+00 -1.920641184467663187e+00 -1.005339505192690330e+00
9.500000000000000000e+01 -5.075624545471248084e+00 -3.444743001787157866e+00 -1.798630075820705887e+00 -9.219262518725930278e-01
9.600000000000000000e+01 -3.116119037389567303e+00 3.878250063026948413e-01 -1.784939413275411724e+00 -1.348453475380450239e+00
9.700000000000000000e+01 -1.656566571534108911e+00 3.122775437162828460e+00 -1.760620686959395886e+00 -1.338231018984747278e+00
9.800000000000000000e+01 -6.909963097457414438e-01 4.636482662690643686e+00 -1.524777361212186877e+00 -1.128963379534634992e+00
9.900000000000000000e+01 1.755445960696859764e+00 6.158798817238319678e+00 -1.415227354508811430e+00 -1.153865544585508385e+00
1.000000000000000000e+02 3.406668015635818669e+00 6.111372223586854169e+00 -1.198392697250711736e+00 -8.451158153919167138e-01
1.010000000000000000e+02 4.171385515698165847e+00 3.818673700494106704e+00 -9.300434543083937466e-01 -1.656195266353720941e+00
1.020000000000000000e+02 3.396352849139479879e+00 1.850799033974383834e+00 -6.030629270790678342e-01 -1.329472468182040679e+00
1.030000000000000000e+02 4.174857254524606986e+00 4.801654487726055298e-01 -5.816788665444405648e-01 -1.251988084376612242e+00
1.040000000000000000e+02 5.622741207853229284e+00 -7.687482423609166560e-01 -6.715165203612284417e-01 -8.496090784222987136e-01
1.050000000000000000e+02 8.615547086521790021e+00 -3.401669208916823450e+00 -1.035123064467818210e+00 -1.108253622702130459e+00
1.060000000000000000e+02 1.058640727119580838e+01 -7.610698139152369812e+00 -1.426447769593242043e+00 -8.846025607072125485e-01
1.070000000000000000e+02 1.200740752398861488e+01 -1.401757208450267278e+01 -2.126045119549971663e+00 -8.892563043915348020e-01
1.080000000000000000e+02 7.218020637915107507e+00 -1.440934023095844019e+01 -2.058387151875588295e+00 -2.969887771121971221e-01
1.090000000000000000e+02 4.481258388551158767e+00 -1.437144242833199748e+01 -2.100375512453396265e+00 -4.030648285322095403e-01
1.100000000000000000e+02 1.729389574733998236e+00 -1.332355843722916511e+01 -2.040553344205137787e+00 1.025877008956492704e-02
1.110000000000000000e+02 4.080548511514727195e-01 -1.211084204206435722e+01 -2.021247620994509830e+00 -3.246816889965764563e-01
1.120000000000000000e+02 -6.030322043025684309e-01 -1.149455107533776577e+01 -2.085472907349797733e+00 -1.696270730364164980e-01
1.130000000000000000e+02 -1.888817888189241456e+00 -1.114179224780668243e+01 -2.090302489052376256e+00 1.345935667502562161e-01
1.140000000000000000e+02 -2.530238294641297792e+00 -1.046986286637854491e+01 -2.041423581417601607e+00 -1.257369305630949008e-01
1.150000000000000000e+02 -3.749712880601563381e+00 -9.679328254073896076e+00 -2.014345015614937395e+00 2.484469545324260176e-01
1.160000000000000000e+02 -3.945028225183030646e+00 -8.921537039708935524e+00 -1.901566431162366566e+00 -4.530142652339713520e-03
1.170000000000000000e+02 -4.925949191610937916e+00 -7.588898749475641914e+00 -1.832132375134398972e+00 9.538247257021571779e-02
1.180000000000000000e+02 -4.840880355679918701e+00 -6.408033725053810414e+00 -1.645888706729558670e+00 -5.001795699002985485e-01
1.190000000000000000e+02 -5.109427901703298858e+00 -4.846661268178281468e+00 -1.489772107347744123e+00 -6.813683696521881661e-01
1.200000000000000000e+02 -4.908358637879928210e+00 -2.818517076680518763e+00 -1.288905375882852367e+00 -6.212167424677783600e-01
1.210000000000000000e+02 -4.089197256948835957e+00 -7.000287315503603836e-01 -1.148526582851614020e+00 -1.286910186340863849e+00
1.220000000000000000e+02 -3.272391499051821473e+00 6.712771837807409714e-01 -1.008471016908507378e+00 -1.216324733586716222e+00
1.230000000000000000e+02 -2.170559037648794654e+00 1.802730747305877346e+00 -8.721642960065493222e-01 -1.282298628850426558e+00
1.240000000000000000e+02 -8.473230402040909937e-01 2.550988597307771943e+00 -7.724981640528588711e-01 -1.545709857577574731e+00
1.250000000000000000e+02 7.022879305212492707e-01 2.729383230738879895e+00 -6.981285462495018246e-01 -1.652215868092146822e+00
1.260000000000000000e+02 1.334276631650159750e+00 1.735424904778621213e+00 -5.565564712519946999e-01 -1.803936491012188004e+00
1.270000000000000000e+02 1.495288472254277634e+00 1.086550989034193559e+00 -4.001647830071101142e-01 -1.250508371820290954e+00
1.280000000000000000e+02 2.308776087649086151e+00 6.630716345933778122e-01 -5.237324073679937575e-01 -1.264443343440014633e+00
1.290000000000000000e+02 3.903783711108767651e+00 4.725187283559707015e-04 -7.288333986628958705e-01 -1.921614935619963216e+00
1.300000000000000000e+02 5.776502886829423922e+00 -1.499248236347959118e+00 -9.920616645439875869e-01 -2.342595791871454391e+00
1.310000000000000000e+02 6.717405820815775641e+00 -3.884540599026293783e+00 -1.207850689059747573e+00 -2.512829882093832179e+00
1.320000000000000000e+02 5.814997279978743272e+00 -5.894305380391967830e+00 -1.409368930877846093e+00 -1.838022322867291614e+00
1.330000000000000000e+02 5.327987931492846663e+00 -7.491972671645757309e+00 -1.574893649648754668e+00 -1.866705042498657763e+00
1.340000000000000000e+02 4.183050030927947915e+00 -7.825827073542348522e+00 -1.606594540660922110e+00 -1.713395745920598623e+00
1.350000000000000000e+02 2.854658840088590832e+00 -7.047897924479361365e+00 -1.503194450644575131e+00 -1.498376350246789723e+00
1.360000000000000000e+02 1.792777643381276764e+00 -5.994923714650346902e+00 -1.390725016810725467e+00 -1.207517014638235020e+00
1.370000000000000000e+02 1.227535378763978668e+00 -5.078050752315393268e+00 -1.226450064627571335e+00 -1.016841981266627615e+00
1.380000000000000000e+02 9.994259685162244500e-01 -4.156427592556796391e+00 -1.064068619299986418e+00 -9.303242104256359557e-01
1.390000000000000000e+02 9.864234331640067133e-01 -3.382461164707013079e+00 -9.120109261738240658e-01 -9.966438000949768838e-01
1.400000000000000000e+02 6.429686239987439933e-01 -2.612710323006530722e+00 -7.563124539809995550e-01 -7.005109010649228640e-01
1.410000000000000000e+02 6.622040124435971675e-01 -1.918106862164639992e+00 -6.075303205484142710e-01 -7.107986065273692589e-01
1.420000000000000000e+02 4.963104900452093293e-01 -1.393434523314407203e+00 -4.752295098928558392e-01 -5.664944973381669246e-01
1.430000000000000000e+02 4.024637323388936538e-01 -9.774350429286978725e-01 -3.731120845440714096e-01 -4.509549681129600418e-01
1.440000000000000000e+02 2.823167786052909189e-01 -6.953732446301298387e-01 -2.824028654111254144e-01 -3.189638291817324944e-01
1.450000000000000000e+02 1.000302308672563895e-01 -4.459670460318613250e-01 -2.148795820750841190e-01 -1.036256887387191766e-01
1.460000000000000000e+02 -1.346495376309409832e-02 -3.102029085401677433e-01 -1.582276943166391892e-01 4.027479319827677838e-03
1.470000000000000000e+02 -1.446467552601410182e-02 -1.667797343102798979e-01 -1.085750982803192072e-01 1.358089489699315124e-02
1.480000000000000000e+02 2.856344227921078088e-03 -7.461738750196379721e-02 -7.239048497819469685e-02 8.137940703108975746e-04
1.490000000000000000e+02 1.998219926584504993e-02 -2.546364594574630769e-02 -3.393836056024617659e-02 -2.206510334398223763e-02
0.000000000000000000e+00 -6.339216434325393834e+00 -3.571491140571826595e+00 -1.698635273214457397e+00 1.239661509145733698e+00
1.000000000000000000e+00 -6.244554505154923163e+00 -2.620787061413150543e+00 -1.523360895101057766e+00 7.774974129444861548e-01
2.000000000000000000e+00 -5.742899172286825227e+00 -1.639978259568477315e+00 -1.312985467645743087e+00 2.240267808643204850e-01
3.000000000000000000e+00 -5.222628109165311727e+00 -2.555404161967642085e-01 -1.088386569013250815e+00 -3.740482391208838631e-01
4.000000000000000000e+00 -4.364908114363811542e+00 1.151616760470544731e+00 -8.880120773207871299e-01 -9.328590757684486201e-01
5.000000000000000000e+00 -3.149167882015623920e+00 2.561512256789971520e+00 -7.421686247356351629e-01 -1.380481031885742782e+00
6.000000000000000000e+00 -1.531353748992136721e+00 3.314181320489774762e+00 -6.430388669806835766e-01 -1.749673908500272379e+00
7.000000000000000000e+00 2.394833561351750184e-01 3.998832727508000673e+00 -6.367834038398425545e-01 -1.993785573347025553e+00
8.000000000000000000e+00 1.506320639494182378e+00 3.149216294817627659e+00 -6.475602699050244659e-01 -2.152818044610716353e+00
9.000000000000000000e+00 2.842955424273262643e+00 2.663797577758575841e+00 -7.512810833627143747e-01 -2.140687022681783791e+00
1.000000000000000000e+01 4.499086256725772337e+00 2.238769677280336268e+00 -8.933486563098864686e-01 -2.041833337627902534e+00
1.100000000000000000e+01 6.030916536170020770e+00 1.340910776383031466e+00 -1.061407153429272832e+00 -2.489144232735042817e+00
1.200000000000000000e+01 7.690454035552610534e+00 -3.116049426859090477e-01 -1.225518883981999929e+00 -2.741524077216866306e+00
1.300000000000000000e+01 8.848550555386877292e+00 -2.859127933543056166e+00 -1.400179817522605452e+00 -2.746028995214886415e+00
1.400000000000000000e+01 8.900591447161446013e+00 -5.424476906564547285e+00 -1.599884853454508482e+00 -2.651644583080491557e+00
1.500000000000000000e+01 8.289282173199268300e+00 -7.848667738165256758e+00 -1.838518637482420282e+00 -2.432156725603020320e+00
1.600000000000000000e+01 6.681294250499791865e+00 -8.773470955686191175e+00 -1.907019888193100643e+00 -2.337734116132599738e+00
1.700000000000000000e+01 5.086063193410073957e+00 -8.818248712714495952e+00 -1.918408251673752396e+00 -2.285409761913538507e+00
1.800000000000000000e+01 4.849041939755529107e+00 -7.506051665991763322e+00 -1.957151510557900709e+00 -2.216361759465314218e+00
1.900000000000000000e+01 5.024653323565954288e+00 -6.700664912816994168e+00 -1.989458582798602881e+00 -2.148698832455745666e+00
2.000000000000000000e+01 5.067551522256097840e+00 -6.480436394312564907e+00 -2.002944449527911175e+00 -1.948798967460085851e+00
2.100000000000000000e+01 5.675398238490331870e+00 -5.747848813642192134e+00 -1.984483425015570512e+00 -1.791429973232651740e+00
2.200000000000000000e+01 6.267041153263471998e+00 -4.938701955227183582e+00 -1.921788855373847582e+00 -1.566858079225993627e+00
2.300000000000000000e+01 6.791865336988585078e+00 -3.958765786034731615e+00 -1.811502214410195544e+00 -1.246194823835532040e+00
2.400000000000000000e+01 7.039470852155038649e+00 -2.831058169227519627e+00 -1.648840943932387670e+00 -8.312574462619107818e-01
2.500000000000000000e+01 6.522863741160922046e+00 -1.805607600090298304e+00 -1.429184365314801974e+00 -2.913803207715539023e-01
2.600000000000000000e+01 6.361567690212495130e+00 2.922605265740802483e-01 -1.202973820593190357e+00 2.706728472826798737e-01
2.700000000000000000e+01 5.351714732695888266e+00 2.277248925269126811e+00 -9.992979994943517186e-01 8.430711597890014897e-01
2.800000000000000000e+01 3.048458472328242408e+00 1.888112997375073876e+00 -8.202694248408056721e-01 1.468506617422309368e+00
2.900000000000000000e+01 1.730297204548017609e+00 2.171793837670448646e+00 -6.768045376078208886e-01 1.941494255966079940e+00
3.000000000000000000e+01 3.714527227379437191e-01 2.488397110961010572e+00 -5.840361199643920864e-01 2.265451480484692137e+00
3.100000000000000000e+01 -1.295302690745636198e+00 2.534249372593057270e+00 -7.016626024589122101e-01 2.433899072536459318e+00
3.200000000000000000e+01 -1.551533020777263072e+00 1.451790212208219133e+00 -7.505850129656440606e-01 2.651310173579723983e+00
3.300000000000000000e+01 -1.215607526568464047e+00 5.558636738530899901e-01 -7.932517742913968162e-01 2.698238527484734472e+00
3.400000000000000000e+01 -1.502244196603525594e+00 6.899268947913602679e-01 -8.394400191116362375e-01 3.158419592206028970e+00
3.500000000000000000e+01 -2.219351878458450500e+00 5.749324360685938995e-01 -9.209546744189262002e-01 3.351669786969866394e+00
3.600000000000000000e+01 -3.076578498239011861e+00 3.848506572429063466e-01 -1.025046590598293283e+00 3.435996770505400200e+00
3.700000000000000000e+01 -4.790741618659315471e+00 -1.054643419454904141e+00 -1.159240617618253255e+00 3.327352317438024176e+00
3.800000000000000000e+01 -5.270530803269594777e+00 -2.658447716141065786e+00 -1.325570892674831525e+00 3.130449246312468681e+00
3.900000000000000000e+01 -6.295137627593307528e+00 -4.206033235244809099e+00 -1.558555699347958567e+00 3.093968740372283754e+00
4.000000000000000000e+01 -6.521907199851927572e+00 -5.497340351864959729e+00 -1.816837145307694801e+00 2.929338891976585479e+00
4.100000000000000000e+01 -6.293144173104520789e+00 -5.704983435278494497e+00 -1.919409309192721569e+00 2.881635748503780459e+00
4.200000000000000000e+01 -5.796461027279653067e+00 -6.410314698765717800e+00 -1.961808729870701207e+00 2.518243042509534568e+00
4.300000000000000000e+01 -6.507829044424547682e+00 -5.119297028351327938e+00 -2.007803157108485781e+00 2.595156435667389072e+00
4.400000000000000000e+01 -6.678059908840366710e+00 -4.622873042645093022e+00 -1.972540653219720053e+00 2.405121128233046690e+00
4.500000000000000000e+01 -6.747791885493997555e+00 -4.328865379346902742e+00 -1.902918452348511202e+00 2.030833523120358475e+00
4.600000000000000000e+01 -6.796124356423066892e+00 -3.529441067826059708e+00 -1.765290687927591140e+00 1.725623165319714047e+00
4.700000000000000000e+01 -6.520235457016669400e+00 -2.780095827151361831e+00 -1.588189668339126559e+00 1.184080130049590229e+00
4.800000000000000000e+01 -6.141819779964010628e+00 -1.539778378588458896e+00 -1.368500940571957925e+00 6.464980287872020837e-01
4.900000000000000000e+01 -5.825100179207210793e+00 5.909553042767919928e-01 -1.140204224695094526e+00 2.785944472943409633e-01
5.000000000000000000e+01 -4.536753993554890840e+00 2.238907754541321182e+00 -9.592744970470781229e-01 -2.223134274328473492e-01
5.100000000000000000e+01 -2.420911714603052989e+00 3.470484693786206165e+00 -8.788939556355618299e-01 -8.821988845554424863e-01
5.200000000000000000e+01 -1.153391751921873709e+00 4.178810965537648414e+00 -7.712776008229771385e-01 -9.933968056639495003e-01
5.300000000000000000e+01 1.155913865785113570e+00 5.526801787650326148e+00 -8.442874186317042007e-01 -1.343035041368851878e+00
5.400000000000000000e+01 2.507724462589616898e+00 4.917713774353416945e+00 -8.965955146073736337e-01 -1.751641345236636393e+00
5.500000000000000000e+01 3.408060574352372640e+00 3.984585658131897468e+00 -9.124386753187397892e-01 -2.107405889612981031e+00
5.600000000000000000e+01 4.615315512939803355e+00 2.944092664463053843e+00 -8.935815214730556955e-01 -2.319571129164193835e+00
5.700000000000000000e+01 6.102102995028520382e+00 1.769572049279771742e+00 -9.767674349873395334e-01 -2.509706577988853216e+00
5.800000000000000000e+01 6.980518270072661124e+00 2.111707289647381594e-02 -9.740456407194119093e-01 -2.782631114881684464e+00
5.900000000000000000e+01 8.497875166559740734e+00 -2.297261444463547519e+00 -1.219507030206484544e+00 -2.415502307399495230e+00
6.000000000000000000e+01 7.821182617536758030e+00 -4.500455416697319855e+00 -1.290568159799653447e+00 -1.963306406962326722e+00
6.100000000000000000e+01 7.994931412788221614e+00 -6.752236856187960434e+00 -1.566187238420696293e+00 -1.817758040710856893e+00
6.200000000000000000e+01 7.898086446451671350e+00 -8.752900621253147051e+00 -1.863056129046975595e+00 -1.677485074047331715e+00
6.300000000000000000e+01 5.941543069304485947e+00 -9.577276980761585179e+00 -1.939976366383223239e+00 -1.475092330528403606e+00
6.400000000000000000e+01 4.920883623671418405e+00 -8.524458519288254266e+00 -1.946178340767247716e+00 -1.454253880795167930e+00
6.500000000000000000e+01 4.414270577167855869e+00 -7.810512464459513637e+00 -1.958673529986815431e+00 -1.347967757033233349e+00
6.600000000000000000e+01 4.243701457884137440e+00 -7.285515586325530535e+00 -1.965607969407390465e+00 -1.034307134536195161e+00
6.700000000000000000e+01 4.557252072931202491e+00 -6.731547362913993027e+00 -1.957562337740259339e+00 -7.376517309848734660e-01
6.800000000000000000e+01 4.791266170973478289e+00 -5.905965847838327676e+00 -1.855904450430226671e+00 -1.488690565922836939e-01
6.900000000000000000e+01 5.416124740738684551e+00 -5.107135302409130162e+00 -1.777064420530848343e+00 -1.299856244090659974e-01
7.000000000000000000e+01 5.540191467035893602e+00 -4.166152837045838275e+00 -1.620128561733226835e+00 3.985018256346814502e-01
7.100000000000000000e+01 4.865543810215806175e+00 -2.857826331607911996e+00 -1.383229216546051354e+00 9.743941836793502675e-01
7.200000000000000000e+01 5.012711509597612469e+00 -1.005891660652406872e+00 -1.136515593419358261e+00 1.038681515468693917e+00
7.300000000000000000e+01 4.615672897492610005e+00 1.280239560981333291e+00 -8.971072342329788896e-01 1.034529280717469968e+00
7.400000000000000000e+01 2.723502998778592143e+00 1.224132464411847421e+00 -7.389544155285235894e-01 1.587902884239108747e+00
7.500000000000000000e+01 1.003811023465689622e+00 2.308140624229003013e+00 -6.518890197562402511e-01 1.478438278155858709e+00
7.600000000000000000e+01 -1.541258016390819163e+00 4.018966650481273994e+00 -6.853539549345533111e-01 1.171751789737607297e+00
7.700000000000000000e+01 -1.995100099044901043e+00 2.101095984849348230e+00 -6.557072265575417669e-01 2.032301859386938858e+00
7.800000000000000000e+01 -2.568388456226718297e+00 1.234155632256389135e+00 -7.135608730720949255e-01 2.327984705913707764e+00
7.900000000000000000e+01 -3.002824828873489338e+00 5.565773394256344764e-01 -7.382999097052621584e-01 2.396995649418833807e+00
8.000000000000000000e+01 -4.595490292941280863e+00 -2.200596004784950710e-02 -8.821077744111422980e-01 2.405565614645215344e+00
8.100000000000000000e+01 -6.052827428004480481e+00 -1.214844031833432147e+00 -1.075223071313194279e+00 2.354694358893977046e+00
8.200000000000000000e+01 -7.237949694896435027e+00 -3.320745849124778992e+00 -1.295040777310833668e+00 2.421955676210519215e+00
8.300000000000000000e+01 -7.529169387876322617e+00 -5.525557356712546664e+00 -1.496739351825826292e+00 2.110775332254644088e+00
8.400000000000000000e+01 -7.876515714239885391e+00 -8.553172356044123958e+00 -1.865411601986319834e+00 1.841887376933551757e+00
8.500000000000000000e+01 -6.773324470261168351e+00 -9.291604091742998506e+00 -2.006487568963329249e+00 1.808875607221148929e+00
8.600000000000000000e+01 -5.947889417647492571e+00 -1.020624476130850056e+01 -2.161302742065593474e+00 1.434887447515548864e+00
8.700000000000000000e+01 -5.353044937151461014e+00 -9.208601419161938750e+00 -2.170425107452798930e+00 1.782672039192087610e+00
8.800000000000000000e+01 -5.277550792007155600e+00 -9.072406777470297001e+00 -2.239711936181310037e+00 1.510500494909216229e+00
8.900000000000000000e+01 -5.076223103407785153e+00 -9.188328628008218146e+00 -2.276242412363826073e+00 9.356977719030878937e-01
9.000000000000000000e+01 -5.877592910297734008e+00 -9.289903924297734150e+00 -2.333120209620521912e+00 9.934888989075558730e-01
9.100000000000000000e+01 -6.213412585382330988e+00 -9.322052646870734094e+00 -2.334422475652013773e+00 5.357117871542351750e-01
9.200000000000000000e+01 -6.597496331951703041e+00 -8.926179941715188804e+00 -2.263720944509597821e+00 1.702313658577311040e-01
9.300000000000000000e+01 -6.120263459414968743e+00 -7.695763410257698389e+00 -2.114250168854915124e+00 -6.114290618183468862e-01
9.400000000000000000e+01 -5.647884040964132879e+00 -5.671529963306880084e+00 -1.920641184467663187e+00 -1.005339505192690330e+00
9.500000000000000000e+01 -5.075624545471248084e+00 -3.444743001787157866e+00 -1.798630075820705887e+00 -9.219262518725930278e-01
9.600000000000000000e+01 -3.116119037389567303e+00 3.878250063026948413e-01 -1.784939413275411724e+00 -1.348453475380450239e+00
9.700000000000000000e+01 -1.656566571534108911e+00 3.122775437162828460e+00 -1.760620686959395886e+00 -1.338231018984747278e+00
9.800000000000000000e+01 -6.909963097457414438e-01 4.636482662690643686e+00 -1.524777361212186877e+00 -1.128963379534634992e+00
9.900000000000000000e+01 1.755445960696859764e+00 6.158798817238319678e+00 -1.415227354508811430e+00 -1.153865544585508385e+00
1.000000000000000000e+02 3.406668015635818669e+00 6.111372223586854169e+00 -1.198392697250711736e+00 -8.451158153919167138e-01
1.010000000000000000e+02 4.171385515698165847e+00 3.818673700494106704e+00 -9.300434543083937466e-01 -1.656195266353720941e+00
1.020000000000000000e+02 3.396352849139479879e+00 1.850799033974383834e+00 -6.030629270790678342e-01 -1.329472468182040679e+00
1.030000000000000000e+02 4.174857254524606986e+00 4.801654487726055298e-01 -5.816788665444405648e-01 -1.251988084376612242e+00
1.040000000000000000e+02 5.622741207853229284e+00 -7.687482423609166560e-01 -6.715165203612284417e-01 -8.496090784222987136e-01
1.050000000000000000e+02 8.615547086521790021e+00 -3.401669208916823450e+00 -1.035123064467818210e+00 -1.108253622702130459e+00
1.060000000000000000e+02 1.058640727119580838e+01 -7.610698139152369812e+00 -1.426447769593242043e+00 -8.846025607072125485e-01
1.070000000000000000e+02 1.200740752398861488e+01 -1.401757208450267278e+01 -2.126045119549971663e+00 -8.892563043915348020e-01
1.080000000000000000e+02 7.218020637915107507e+00 -1.440934023095844019e+01 -2.058387151875588295e+00 -2.969887771121971221e-01
1.090000000000000000e+02 4.481258388551158767e+00 -1.437144242833199748e+01 -2.100375512453396265e+00 -4.030648285322095403e-01
1.100000000000000000e+02 1.729389574733998236e+00 -1.332355843722916511e+01 -2.040553344205137787e+00 1.025877008956492704e-02
1.110000000000000000e+02 4.080548511514727195e-01 -1.211084204206435722e+01 -2.021247620994509830e+00 -3.246816889965764563e-01
1.120000000000000000e+02 -6.030322043025684309e-01 -1.149455107533776577e+01 -2.085472907349797733e+00 -1.696270730364164980e-01
1.130000000000000000e+02 -1.888817888189241456e+00 -1.114179224780668243e+01 -2.090302489052376256e+00 1.345935667502562161e-01
1.140000000000000000e+02 -2.530238294641297792e+00 -1.046986286637854491e+01 -2.041423581417601607e+00 -1.257369305630949008e-01
1.150000000000000000e+02 -3.749712880601563381e+00 -9.679328254073896076e+00 -2.014345015614937395e+00 2.484469545324260176e-01
1.160000000000000000e+02 -3.945028225183030646e+00 -8.921537039708935524e+00 -1.901566431162366566e+00 -4.530142652339713520e-03
1.170000000000000000e+02 -4.925949191610937916e+00 -7.588898749475641914e+00 -1.832132375134398972e+00 9.538247257021571779e-02
1.180000000000000000e+02 -4.840880355679918701e+00 -6.408033725053810414e+00 -1.645888706729558670e+00 -5.001795699002985485e-01
1.190000000000000000e+02 -5.109427901703298858e+00 -4.846661268178281468e+00 -1.489772107347744123e+00 -6.813683696521881661e-01
1.200000000000000000e+02 -4.908358637879928210e+00 -2.818517076680518763e+00 -1.288905375882852367e+00 -6.212167424677783600e-01
1.210000000000000000e+02 -4.089197256948835957e+00 -7.000287315503603836e-01 -1.148526582851614020e+00 -1.286910186340863849e+00
1.220000000000000000e+02 -3.272391499051821473e+00 6.712771837807409714e-01 -1.008471016908507378e+00 -1.216324733586716222e+00
1.230000000000000000e+02 -2.170559037648794654e+00 1.802730747305877346e+00 -8.721642960065493222e-01 -1.282298628850426558e+00
1.240000000000000000e+02 -8.473230402040909937e-01 2.550988597307771943e+00 -7.724981640528588711e-01 -1.545709857577574731e+00
1.250000000000000000e+02 7.022879305212492707e-01 2.729383230738879895e+00 -6.981285462495018246e-01 -1.652215868092146822e+00
1.260000000000000000e+02 1.334276631650159750e+00 1.735424904778621213e+00 -5.565564712519946999e-01 -1.803936491012188004e+00
1.270000000000000000e+02 1.495288472254277634e+00 1.086550989034193559e+00 -4.001647830071101142e-01 -1.250508371820290954e+00
1.280000000000000000e+02 2.308776087649086151e+00 6.630716345933778122e-01 -5.237324073679937575e-01 -1.264443343440014633e+00
1.290000000000000000e+02 3.903783711108767651e+00 4.725187283559707015e-04 -7.288333986628958705e-01 -1.921614935619963216e+00
1.300000000000000000e+02 5.776502886829423922e+00 -1.499248236347959118e+00 -9.920616645439875869e-01 -2.342595791871454391e+00
1.310000000000000000e+02 6.717405820815775641e+00 -3.884540599026293783e+00 -1.207850689059747573e+00 -2.512829882093832179e+00
1.320000000000000000e+02 5.814997279978743272e+00 -5.894305380391967830e+00 -1.409368930877846093e+00 -1.838022322867291614e+00
1.330000000000000000e+02 5.327987931492846663e+00 -7.491972671645757309e+00 -1.574893649648754668e+00 -1.866705042498657763e+00
1.340000000000000000e+02 4.183050030927947915e+00 -7.825827073542348522e+00 -1.606594540660922110e+00 -1.713395745920598623e+00
1.350000000000000000e+02 2.854658840088590832e+00 -7.047897924479361365e+00 -1.503194450644575131e+00 -1.498376350246789723e+00
1.360000000000000000e+02 1.792777643381276764e+00 -5.994923714650346902e+00 -1.390725016810725467e+00 -1.207517014638235020e+00
1.370000000000000000e+02 1.227535378763978668e+00 -5.078050752315393268e+00 -1.226450064627571335e+00 -1.016841981266627615e+00
1.380000000000000000e+02 9.994259685162244500e-01 -4.156427592556796391e+00 -1.064068619299986418e+00 -9.303242104256359557e-01
1.390000000000000000e+02 9.864234331640067133e-01 -3.382461164707013079e+00 -9.120109261738240658e-01 -9.966438000949768838e-01
1.400000000000000000e+02 6.429686239987439933e-01 -2.612710323006530722e+00 -7.563124539809995550e-01 -7.005109010649228640e-01
1.410000000000000000e+02 6.622040124435971675e-01 -1.918106862164639992e+00 -6.075303205484142710e-01 -7.107986065273692589e-01
1.420000000000000000e+02 4.963104900452093293e-01 -1.393434523314407203e+00 -4.752295098928558392e-01 -5.664944973381669246e-01
1.430000000000000000e+02 4.024637323388936538e-01 -9.774350429286978725e-01 -3.731120845440714096e-01 -4.509549681129600418e-01
1.440000000000000000e+02 2.823167786052909189e-01 -6.953732446301298387e-01 -2.824028654111254144e-01 -3.189638291817324944e-01
1.450000000000000000e+02 1.000302308672563895e-01 -4.459670460318613250e-01 -2.148795820750841190e-01 -1.036256887387191766e-01
1.460000000000000000e+02 -1.346495376309409832e-02 -3.102029085401677433e-01 -1.582276943166391892e-01 4.027479319827677838e-03
1.470000000000000000e+02 -1.446467552601410182e-02 -1.667797343102798979e-01 -1.085750982803192072e-01 1.358089489699315124e-02
1.480000000000000000e+02 2.856344227921078088e-03 -7.461738750196379721e-02 -7.239048497819469685e-02 8.137940703108975746e-04
1.490000000000000000e+02 1.998219926584504993e-02 -2.546364594574630769e-02 -3.393836056024617659e-02 -2.206510334398223763e-02
0.000000000000000000e+00 -6.339216434325393834e+00 -3.571491140571826595e+00 -1.698635273214457397e+00 1.239661509145733698e+00
1.000000000000000000e+00 -6.244554505154923163e+00 -2.620787061413150543e+00 -1.523360895101057766e+00 7.774974129444861548e-01
2.000000000000000000e+00 -5.742899172286825227e+00 -1.639978259568477315e+00 -1.312985467645743087e+00 2.240267808643204850e-01
3.000000000000000000e+00 -5.222628109165311727e+00 -2.555404161967642085e-01 -1.088386569013250815e+00 -3.740482391208838631e-01
4.000000000000000000e+00 -4.364908114363811542e+00 1.151616760470544731e+00 -8.880120773207871299e-01 -9.328590757684486201e-01
5.000000000000000000e+00 -3.149167882015623920e+00 2.561512256789971520e+00 -7.421686247356351629e-01 -1.380481031885742782e+00
6.000000000000000000e+00 -1.531353748992136721e+00 3.314181320489774762e+00 -6.430388669806835766e-01 -1.749673908500272379e+00
7.000000000000000000e+00 2.394833561351750184e-01 3.998832727508000673e+00 -6.367834038398425545e-01 -1.993785573347025553e+00
8.000000000000000000e+00 1.506320639494182378e+00 3.149216294817627659e+00 -6.475602699050244659e-01 -2.152818044610716353e+00
9.000000000000000000e+00 2.842955424273262643e+00 2.663797577758575841e+00 -7.512810833627143747e-01 -2.140687022681783791e+00
1.000000000000000000e+01 4.499086256725772337e+00 2.238769677280336268e+00 -8.933486563098864686e-01 -2.041833337627902534e+00
1.100000000000000000e+01 6.030916536170020770e+00 1.340910776383031466e+00 -1.061407153429272832e+00 -2.489144232735042817e+00
1.200000000000000000e+01 7.690454035552610534e+00 -3.116049426859090477e-01 -1.225518883981999929e+00 -2.741524077216866306e+00
1.300000000000000000e+01 8.848550555386877292e+00 -2.859127933543056166e+00 -1.400179817522605452e+00 -2.746028995214886415e+00
1.400000000000000000e+01 8.900591447161446013e+00 -5.424476906564547285e+00 -1.599884853454508482e+00 -2.651644583080491557e+00
1.500000000000000000e+01 8.289282173199268300e+00 -7.848667738165256758e+00 -1.838518637482420282e+00 -2.432156725603020320e+00
1.600000000000000000e+01 6.681294250499791865e+00 -8.773470955686191175e+00 -1.907019888193100643e+00 -2.337734116132599738e+00
1.700000000000000000e+01 5.086063193410073957e+00 -8.818248712714495952e+00 -1.918408251673752396e+00 -2.285409761913538507e+00
1.800000000000000000e+01 4.849041939755529107e+00 -7.506051665991763322e+00 -1.957151510557900709e+00 -2.216361759465314218e+00
1.900000000000000000e+01 5.024653323565954288e+00 -6.700664912816994168e+00 -1.989458582798602881e+00 -2.148698832455745666e+00
2.000000000000000000e+01 5.067551522256097840e+00 -6.480436394312564907e+00 -2.002944449527911175e+00 -1.948798967460085851e+00
2.100000000000000000e+01 5.675398238490331870e+00 -5.747848813642192134e+00 -1.984483425015570512e+00 -1.791429973232651740e+00
2.200000000000000000e+01 6.267041153263471998e+00 -4.938701955227183582e+00 -1.921788855373847582e+00 -1.566858079225993627e+00
2.300000000000000000e+01 6.791865336988585078e+00 -3.958765786034731615e+00 -1.811502214410195544e+00 -1.246194823835532040e+00
2.400000000000000000e+01 7.039470852155038649e+00 -2.831058169227519627e+00 -1.648840943932387670e+00 -8.312574462619107818e-01
2.500000000000000000e+01 6.522863741160922046e+00 -1.805607600090298304e+00 -1.429184365314801974e+00 -2.913803207715539023e-01
2.600000000000000000e+01 6.361567690212495130e+00 2.922605265740802483e-01 -1.202973820593190357e+00 2.706728472826798737e-01
2.700000000000000000e+01 5.351714732695888266e+00 2.277248925269126811e+00 -9.992979994943517186e-01 8.430711597890014897e-01
2.800000000000000000e+01 3.048458472328242408e+00 1.888112997375073876e+00 -8.202694248408056721e-01 1.468506617422309368e+00
2.900000000000000000e+01 1.730297204548017609e+00 2.171793837670448646e+00 -6.768045376078208886e-01 1.941494255966079940e+00
3.000000000000000000e+01 3.714527227379437191e-01 2.488397110961010572e+00 -5.840361199643920864e-01 2.265451480484692137e+00
3.100000000000000000e+01 -1.295302690745636198e+00 2.534249372593057270e+00 -7.016626024589122101e-01 2.433899072536459318e+00
3.200000000000000000e+01 -1.551533020777263072e+00 1.451790212208219133e+00 -7.505850129656440606e-01 2.651310173579723983e+00
3.300000000000000000e+01 -1.215607526568464047e+00 5.558636738530899901e-01 -7.932517742913968162e-01 2.698238527484734472e+00
3.400000000000000000e+01 -1.502244196603525594e+00 6.899268947913602679e-01 -8.394400191116362375e-01 3.158419592206028970e+00
3.500000000000000000e+01 -2.219351878458450500e+00 5.749324360685938995e-01 -9.209546744189262002e-01 3.351669786969866394e+00
3.600000000000000000e+01 -3.076578498239011861e+00 3.848506572429063466e-01 -1.025046590598293283e+00 3.435996770505400200e+00
3.700000000000000000e+01 -4.790741618659315471e+00 -1.054643419454904141e+00 -1.159240617618253255e+00 3.327352317438024176e+00
3.800000000000000000e+01 -5.270530803269594777e+00 -2.658447716141065786e+00 -1.325570892674831525e+00 3.130449246312468681e+00
3.900000000000000000e+01 -6.295137627593307528e+00 -4.206033235244809099e+00 -1.558555699347958567e+00 3.093968740372283754e+00
4.000000000000000000e+01 -6.521907199851927572e+00 -5.497340351864959729e+00 -1.816837145307694801e+00 2.929338891976585479e+00
4.100000000000000000e+01 -6.293144173104520789e+00 -5.704983435278494497e+00 -1.919409309192721569e+00 2.881635748503780459e+00
4.200000000000000000e+01 -5.796461027279653067e+00 -6.410314698765717800e+00 -1.961808729870701207e+00 2.518243042509534568e+00
4.300000000000000000e+01 -6.507829044424547682e+00 -5.119297028351327938e+00 -2.007803157108485781e+00 2.595156435667389072e+00
4.400000000000000000e+01 -6.678059908840366710e+00 -4.622873042645093022e+00 -1.972540653219720053e+00 2.405121128233046690e+00
4.500000000000000000e+01 -6.747791885493997555e+00 -4.328865379346902742e+00 -1.902918452348511202e+00 2.030833523120358475e+00
4.600000000000000000e+01 -6.796124356423066892e+00 -3.529441067826059708e+00 -1.765290687927591140e+00 1.725623165319714047e+00
4.700000000000000000e+01 -6.520235457016669400e+00 -2.780095827151361831e+00 -1.588189668339126559e+00 1.184080130049590229e+00
4.800000000000000000e+01 -6.141819779964010628e+00 -1.539778378588458896e+00 -1.368500940571957925e+00 6.464980287872020837e-01
4.900000000000000000e+01 -5.825100179207210793e+00 5.909553042767919928e-01 -1.140204224695094526e+00 2.785944472943409633e-01
5.000000000000000000e+01 -4.536753993554890840e+00 2.238907754541321182e+00 -9.592744970470781229e-01 -2.223134274328473492e-01
5.100000000000000000e+01 -2.420911714603052989e+00 3.470484693786206165e+00 -8.788939556355618299e-01 -8.821988845554424863e-01
5.200000000000000000e+01 -1.153391751921873709e+00 4.178810965537648414e+00 -7.712776008229771385e-01 -9.933968056639495003e-01
5.300000000000000000e+01 1.155913865785113570e+00 5.526801787650326148e+00 -8.442874186317042007e-01 -1.343035041368851878e+00
5.400000000000000000e+01 2.507724462589616898e+00 4.917713774353416945e+00 -8.965955146073736337e-01 -1.751641345236636393e+00
5.500000000000000000e+01 3.408060574352372640e+00 3.984585658131897468e+00 -9.124386753187397892e-01 -2.107405889612981031e+00
5.600000000000000000e+01 4.615315512939803355e+00 2.944092664463053843e+00 -8.935815214730556955e-01 -2.319571129164193835e+00
5.700000000000000000e+01 6.102102995028520382e+00 1.769572049279771742e+00 -9.767674349873395334e-01 -2.509706577988853216e+00
5.800000000000000000e+01 6.980518270072661124e+00 2.111707289647381594e-02 -9.740456407194119093e-01 -2.782631114881684464e+00
5.900000000000000000e+01 8.497875166559740734e+00 -2.297261444463547519e+00 -1.219507030206484544e+00 -2.415502307399495230e+00
6.000000000000000000e+01 7.821182617536758030e+00 -4.500455416697319855e+00 -1.290568159799653447e+00 -1.963306406962326722e+00
6.100000000000000000e+01 7.994931412788221614e+00 -6.752236856187960434e+00 -1.566187238420696293e+00 -1.817758040710856893e+00
6.200000000000000000e+01 7.898086446451671350e+00 -8.752900621253147051e+00 -1.863056129046975595e+00 -1.677485074047331715e+00
6.300000000000000000e+01 5.941543069304485947e+00 -9.577276980761585179e+00 -1.939976366383223239e+00 -1.475092330528403606e+00
6.400000000000000000e+01 4.920883623671418405e+00 -8.524458519288254266e+00 -1.946178340767247716e+00 -1.454253880795167930e+00
6.500000000000000000e+01 4.414270577167855869e+00 -7.810512464459513637e+00 -1.958673529986815431e+00 -1.347967757033233349e+00
6.600000000000000000e+01 4.243701457884137440e+00 -7.285515586325530535e+00 -1.965607969407390465e+00 -1.034307134536195161e+00
6.700000000000000000e+01 4.557252072931202491e+00 -6.731547362913993027e+00 -1.957562337740259339e+00 -7.376517309848734660e-01
6.800000000000000000e+01 4.791266170973478289e+00 -5.905965847838327676e+00 -1.855904450430226671e+00 -1.488690565922836939e-01
6.900000000000000000e+01 5.416124740738684551e+00 -5.107135302409130162e+00 -1.777064420530848343e+00 -1.299856244090659974e-01
7.000000000000000000e+01 5.540191467035893602e+00 -4.166152837045838275e+00 -1.620128561733226835e+00 3.985018256346814502e-01
7.100000000000000000e+01 4.865543810215806175e+00 -2.857826331607911996e+00 -1.383229216546051354e+00 9.743941836793502675e-01
7.200000000000000000e+01 5.012711509597612469e+00 -1.005891660652406872e+00 -1.136515593419358261e+00 1.038681515468693917e+00
7.300000000000000000e+01 4.615672897492610005e+00 1.280239560981333291e+00 -8.971072342329788896e-01 1.034529280717469968e+00
7.400000000000000000e+01 2.723502998778592143e+00 1.224132464411847421e+00 -7.389544155285235894e-01 1.587902884239108747e+00
7.500000000000000000e+01 1.003811023465689622e+00 2.308140624229003013e+00 -6.518890197562402511e-01 1.478438278155858709e+00
7.600000000000000000e+01 -1.541258016390819163e+00 4.018966650481273994e+00 -6.853539549345533111e-01 1.171751789737607297e+00
7.700000000000000000e+01 -1.995100099044901043e+00 2.101095984849348230e+00 -6.557072265575417669e-01 2.032301859386938858e+00
7.800000000000000000e+01 -2.568388456226718297e+00 1.234155632256389135e+00 -7.135608730720949255e-01 2.327984705913707764e+00
7.900000000000000000e+01 -3.002824828873489338e+00 5.565773394256344764e-01 -7.382999097052621584e-01 2.396995649418833807e+00
8.000000000000000000e+01 -4.595490292941280863e+00 -2.200596004784950710e-02 -8.821077744111422980e-01 2.405565614645215344e+00
8.100000000000000000e+01 -6.052827428004480481e+00 -1.214844031833432147e+00 -1.075223071313194279e+00 2.354694358893977046e+00
8.200000000000000000e+01 -7.237949694896435027e+00 -3.320745849124778992e+00 -1.295040777310833668e+00 2.421955676210519215e+00
8.300000000000000000e+01 -7.529169387876322617e+00 -5.525557356712546664e+00 -1.496739351825826292e+00 2.110775332254644088e+00
8.400000000000000000e+01 -7.876515714239885391e+00 -8.553172356044123958e+00 -1.865411601986319834e+00 1.841887376933551757e+00
8.500000000000000000e+01 -6.773324470261168351e+00 -9.291604091742998506e+00 -2.006487568963329249e+00 1.808875607221148929e+00
8.600000000000000000e+01 -5.947889417647492571e+00 -1.020624476130850056e+01 -2.161302742065593474e+00 1.434887447515548864e+00
8.700000000000000000e+01 -5.353044937151461014e+00 -9.208601419161938750e+00 -2.170425107452798930e+00 1.782672039192087610e+00
8.800000000000000000e+01 -5.277550792007155600e+00 -9.072406777470297001e+00 -2.239711936181310037e+00 1.510500494909216229e+00
8.900000000000000000e+01 -5.076223103407785153e+00 -9.188328628008218146e+00 -2.276242412363826073e+00 9.356977719030878937e-01
9.000000000000000000e+01 -5.877592910297734008e+00 -9.289903924297734150e+00 -2.333120209620521912e+00 9.934888989075558730e-01
9.100000000000000000e+01 -6.213412585382330988e+00 -9.322052646870734094e+00 -2.334422475652013773e+00 5.357117871542351750e-01
9.200000000000000000e+01 -6.597496331951703041e+00 -8.926179941715188804e+00 -2.263720944509597821e+00 1.702313658577311040e-01
9.300000000000000000e+01 -6.120263459414968743e+00 -7.695763410257698389e+00 -2.114250168854915124e+00 -6.114290618183468862e-01
9.400000000000000000e+01 -5.647884040964132879e+00 -5.671529963306880084e+00 -1.920641184467663187e+00 -1.005339505192690330e+00
9.500000000000000000e+01 -5.075624545471248084e+00 -3.444743001787157866e+00 -1.798630075820705887e+00 -9.219262518725930278e-01
9.600000000000000000e+01 -3.116119037389567303e+00 3.878250063026948413e-01 -1.784939413275411724e+00 -1.348453475380450239e+00
9.700000000000000000e+01 -1.656566571534108911e+00 3.122775437162828460e+00 -1.760620686959395886e+00 -1.338231018984747278e+00
9.800000000000000000e+01 -6.909963097457414438e-01 4.636482662690643686e+00 -1.524777361212186877e+00 -1.128963379534634992e+00
9.900000000000000000e+01 1.755445960696859764e+00 6.158798817238319678e+00 -1.415227354508811430e+00 -1.153865544585508385e+00
1.000000000000000000e+02 3.406668015635818669e+00 6.111372223586854169e+00 -1.198392697250711736e+00 -8.451158153919167138e-01
1.010000000000000000e+02 4.171385515698165847e+00 3.818673700494106704e+00 -9.300434543083937466e-01 -1.656195266353720941e+00
1.020000000000000000e+02 3.396352849139479879e+00 1.850799033974383834e+00 -6.030629270790678342e-01 -1.329472468182040679e+00
1.030000000000000000e+02 4.174857254524606986e+00 4.801654487726055298e-01 -5.816788665444405648e-01 -1.251988084376612242e+00
1.040000000000000000e+02 5.622741207853229284e+00 -7.687482423609166560e-01 -6.715165203612284417e-01 -8.496090784222987136e-01
1.050000000000000000e+02 8.615547086521790021e+00 -3.401669208916823450e+00 -1.035123064467818210e+00 -1.108253622702130459e+00
1.060000000000000000e+02 1.058640727119580838e+01 -7.610698139152369812e+00 -1.426447769593242043e+00 -8.846025607072125485e-01
1.070000000000000000e+02 1.200740752398861488e+01 -1.401757208450267278e+01 -2.126045119549971663e+00 -8.892563043915348020e-01
1.080000000000000000e+02 7.218020637915107507e+00 -1.440934023095844019e+01 -2.058387151875588295e+00 -2.969887771121971221e-01
1.090000000000000000e+02 4.481258388551158767e+00 -1.437144242833199748e+01 -2.100375512453396265e+00 -4.030648285322095403e-01
1.100000000000000000e+02 1.729389574733998236e+00 -1.332355843722916511e+01 -2.040553344205137787e+00 1.025877008956492704e-02
1.110000000000000000e+02 4.080548511514727195e-01 -1.211084204206435722e+01 -2.021247620994509830e+00 -3.246816889965764563e-01
1.120000000000000000e+02 -6.030322043025684309e-01 -1.149455107533776577e+01 -2.085472907349797733e+00 -1.696270730364164980e-01
1.130000000000000000e+02 -1.888817888189241456e+00 -1.114179224780668243e+01 -2.090302489052376256e+00 1.345935667502562161e-01
1.140000000000000000e+02 -2.530238294641297792e+00 -1.046986286637854491e+01 -2.041423581417601607e+00 -1.257369305630949008e-01
1.150000000000000000e+02 -3.749712880601563381e+00 -9.679328254073896076e+00 -2.014345015614937395e+00 2.484469545324260176e-01
1.160000000000000000e+02 -3.945028225183030646e+00 -8.921537039708935524e+00 -1.901566431162366566e+00 -4.530142652339713520e-03
1.170000000000000000e+02 -4.925949191610937916e+00 -7.588898749475641914e+00 -1.832132375134398972e+00 9.538247257021571779e-02
1.180000000000000000e+02 -4.840880355679918701e+00 -6.408033725053810414e+00 -1.645888706729558670e+00 -5.001795699002985485e-01
1.190000000000000000e+02 -5.109427901703298858e+00 -4.846661268178281468e+00 -1.489772107347744123e+00 -6.813683696521881661e-01
1.200000000000000000e+02 -4.908358637879928210e+00 -2.818517076680518763e+00 -1.288905375882852367e+00 -6.212167424677783600e-01
1.210000000000000000e+02 -4.089197256948835957e+00 -7.000287315503603836e-01 -1.148526582851614020e+00 -1.286910186340863849e+00
1.220000000000000000e+02 -3.272391499051821473e+00 6.712771837807409714e-01 -1.008471016908507378e+00 -1.216324733586716222e+00
1.230000000000000000e+02 -2.170559037648794654e+00 1.802730747305877346e+00 -8.721642960065493222e-01 -1.282298628850426558e+00
1.240000000000000000e+02 -8.473230402040909937e-01 2.550988597307771943e+00 -7.724981640528588711e-01 -1.545709857577574731e+00
1.250000000000000000e+02 7.022879305212492707e-01 2.729383230738879895e+00 -6.981285462495018246e-01 -1.652215868092146822e+00
1.260000000000000000e+02 1.334276631650159750e+00 1.735424904778621213e+00 -5.565564712519946999e-01 -1.803936491012188004e+00
1.270000000000000000e+02 1.495288472254277634e+00 1.086550989034193559e+00 -4.001647830071101142e-01 -1.250508371820290954e+00
1.280000000000000000e+02 2.308776087649086151e+00 6.630716345933778122e-01 -5.237324073679937575e-01 -1.264443343440014633e+00
1.290000000000000000e+02 3.903783711108767651e+00 4.725187283559707015e-04 -7.288333986628958705e-01 -1.921614935619963216e+00
1.300000000000000000e+02 5.776502886829423922e+00 -1.499248236347959118e+00 -9.920616645439875869e-01 -2.342595791871454391e+00
1.310000000000000000e+02 6.717405820815775641e+00 -3.884540599026293783e+00 -1.207850689059747573e+00 -2.512829882093832179e+00
1.320000000000000000e+02 5.814997279978743272e+00 -5.894305380391967830e+00 -1.409368930877846093e+00 -1.838022322867291614e+00
1.330000000000000000e+02 5.327987931492846663e+00 -7.491972671645757309e+00 -1.574893649648754668e+00 -1.866705042498657763e+00
1.340000000000000000e+02 4.183050030927947915e+00 -7.825827073542348522e+00 -1.606594540660922110e+00 -1.713395745920598623e+00
1.350000000000000000e+02 2.854658840088590832e+00 -7.047897924479361365e+00 -1.503194450644575131e+00 -1.498376350246789723e+00
1.360000000000000000e+02 1.792777643381276764e+00 -5.994923714650346902e+00 -1.390725016810725467e+00 -1.207517014638235020e+00
1.370000000000000000e+02 1.227535378763978668e+00 -5.078050752315393268e+00 -1.226450064627571335e+00 -1.016841981266627615e+00
1.380000000000000000e+02 9.994259685162244500e-01 -4.156427592556796391e+00 -1.064068619299986418e+00 -9.303242104256359557e-01
1.390000000000000000e+02 9.864234331640067133e-01 -3.382461164707013079e+00 -9.120109261738240658e-01 -9.966438000949768838e-01
1.400000000000000000e+02 6.429686239987439933e-01 -2.612710323006530722e+00 -7.563124539809995550e-01 -7.005109010649228640e-01
1.410000000000000000e+02 6.622040124435971675e-01 -1.918106862164639992e+00 -6.075303205484142710e-01 -7.107986065273692589e-01
1.420000000000000000e+02 4.963104900452093293e-01 -1.393434523314407203e+00 -4.752295098928558392e-01 -5.664944973381669246e-01
1.430000000000000000e+02 4.024637323388936538e-01 -9.774350429286978725e-01 -3.731120845440714096e-01 -4.509549681129600418e-01
1.440000000000000000e+02 2.823167786052909189e-01 -6.953732446301298387e-01 -2.824028654111254144e-01 -3.189638291817324944e-01
1.450000000000000000e+02 1.000302308672563895e-01 -4.459670460318613250e-01 -2.148795820750841190e-01 -1.036256887387191766e-01
1.460000000000000000e+02 -1.346495376309409832e-02 -3.102029085401677433e-01 -1.582276943166391892e-01 4.027479319827677838e-03
1.470000000000000000e+02 -1.446467552601410182e-02 -1.667797343102798979e-01 -1.085750982803192072e-01 1.358089489699315124e-02
1.480000000000000000e+02 2.856344227921078088e-03 -7.461738750196379721e-02 -7.239048497819469685e-02 8.137940703108975746e-04
1.490000000000000000e+02 1.998219926584504993e-02 -2.546364594574630769e-02 -3.393836056024617659e-02 -2.206510334398223763e-02
