2.126071530441959112e+03
2.233125358460583811e+03
2.299274544764441998e+03
2.389184027526062437e+03
2.330190357421864064e+03
2.469970432333268946e+03
2.460336271183032750e+03
2.383639720136647611e+03
2.478944016263072172e+03
2.372415262826782055e+03
2.408900835394707883e+03
2.407181350411874064e+03
2.260692324805577755e+03
2.225417488547617722e+03
2.227264446542019414e+03
2.194579870697448769e+03
2.213959804464955141e+03
2.183401910663038507e+03
2.206934156843720757e+03
2.184501251629466879e+03
2.187466840345624860e+03
2.193960004717974698e+03
2.174965222684823402e+03
2.125840326116903270e+03
2.128470623462640106e+03
2.114301621340551264e+03
2.106131783955695028e+03
2.127047094758137973e+03
2.087626211120893004e+03
2.080830717501347863e+03
2.073655637014057902e+03
2.077851228493324925e+03
2.068634445120179862e+03
2.053694434206995993e+03
2.056278641970312037e+03
2.046387325718641705e+03
2.045776955165552408e+03
2.031088400044004402e+03
2.038751749601302890e+03
2.034965405839868708e+03
2.024659358928018264e+03
2.027721180064409737e+03
2.021619463583926063e+03
2.023209562651518809e+03
2.022390176085363464e+03
2.015615870274561985e+03
2.021013329205091168e+03
2.015506642636471952e+03
2.018845887214604318e+03
2.010913259907498286e+03
2.013985820008336304e+03
2.008005651886396663e+03
2.004342633600503859e+03
2.001124978912613415e+03
2.003409476599423670e+03
1.997558134244488656e+03
2.003300752828019995e+03
1.996307906089052949e+03
1.995840696620221479e+03
1.991778424775277699e+03
